
 [['날짜', '시가', '고가', '저가', '종가', '거래량', '외국인소진율'],

	
	
		
["20250901", 68400, 68600, 67500, 67600, 12002343, 50.32],
		
["20250902", 67800, 69500, 67800, 69100, 10604028, 50.35],
		
["20250903", 69200, 69800, 68800, 69800, 10283009, 50.37],
		
["20250904", 69500, 70100, 69300, 70100, 12284414, 50.38],
		
["20250905", 70300, 70400, 69500, 69500, 11526724, 50.35],
		
["20250908", 69800, 70500, 69600, 70100, 9263135, 50.37],
		
["20250909", 70100, 71500, 70000, 71500, 14870245, 50.44],
		
["20250910", 71800, 72800, 71600, 72600, 21928565, 50.54],
		
["20250911", 73200, 73600, 72100, 73400, 20793501, 50.53],
		
["20250912", 74600, 75600, 74200, 75400, 28219678, 50.72],
		
["20250915", 77200, 77600, 75900, 76500, 19908805, 50.78],
		
["20250916", 76900, 79500, 76700, 79400, 28218265, 51.02],
		
["20250917", 79100, 79100, 77100, 78200, 20856317, 51.04],
		
["20250918", 79100, 80500, 78600, 80500, 25619035, 51.12],
		
["20250919", 81100, 81200, 79600, 79700, 20898386, 51.11],
		
["20250922", 81500, 84000, 81100, 83500, 27529656, 51.25],
		
["20250923", 85800, 85900, 83600, 84700, 23610263, 51.26],
		
["20250924", 84200, 85500, 83700, 85400, 18300997, 51.27],
		
["20250925", 84400, 86200, 84100, 86100, 19665151, 51.35],
		
["20250926", 85000, 85300, 82400, 83300, 24071193, 51.37],
		
["20250929", 83300, 85000, 83200, 84200, 13069094, 51.38],
		
["20250930", 84600, 84900, 83400, 83900, 16319061, 51.41],
		
["20251001", 84900, 86200, 84700, 86000, 22039361, 51.52],
		
["20251002", 89300, 90300, 88700, 89000, 49883028, 51.85],
		
["20251010", 94000, 94500, 92700, 94400, 35269748, 51.96],
		
["20251013", 91300, 93400, 90700, 93300, 23883308, 51.92],
		
["20251014", 95300, 96000, 90200, 91600, 35545235, 51.96],
		
["20251015", 92300, 95300, 92100, 95000, 21050111, 52.0],
		
["20251016", 95300, 97700, 95000, 97700, 28141060, 52.09],
		
["20251017", 97200, 99100, 96700, 97900, 22730809, 52.15],
		
["20251020", 97900, 98300, 96000, 98100, 17589756, 52.13],
		
["20251021", 98500, 99900, 97300, 97500, 22803830, 52.15],
		
["20251022", 97100, 98600, 95500, 98600, 15937611, 52.15],
		
["20251023", 96800, 98500, 96300, 96500, 18488581, 52.13],
		
["20251024", 97900, 99000, 97700, 98800, 18801925, 52.22],
		
["20251027", 101300, 102000, 100600, 102000, 22169970, 52.36],
		
["20251028", 100900, 101000, 99100, 99500, 20002282, 52.3],
		
["20251029", 100200, 101000, 99100, 100500, 20899788, 52.26],
		
["20251030", 102400, 105800, 102000, 104100, 34570017, 52.36],
		
["20251031", 105000, 108600, 103300, 107500, 54824564, 52.62],
		
["20251103", 106900, 111500, 106500, 111100, 30110066, 52.56],
		
["20251104", 111800, 112400, 104900, 104900, 30450281, 52.47],
		
["20251105", 101000, 102000, 96700, 100600, 44843020, 52.43],
		
["20251106", 103700, 103800, 98800, 99200, 28655689, 52.3],
		
["20251107", 96400, 100300, 96300, 97900, 22908083, 52.34],
		
["20251110", 98600, 101000, 97900, 100600, 23842327, 52.36],
		
["20251111", 103700, 106000, 102000, 103500, 27742542, 52.39],
		
["20251112", 103000, 103900, 101600, 103100, 19413497, 52.32],
		
["20251113", 102500, 104200, 102300, 102800, 20838741, 52.34],
		
["20251114", 99000, 99600, 97200, 97200, 21806342, 52.23],
		
["20251117", 99800, 101000, 99500, 100600, 17192584, 52.29],
		
["20251118", 99800, 100900, 97500, 97800, 18684068, 52.31],
		
["20251119", 97100, 97500, 94600, 96500, 18993346, 52.27],
		
["20251120", 100900, 102900, 99500, 100600, 25360435, 52.36],
		
["20251121", 95600, 96800, 94500, 94800, 23103574, 52.2],
		
["20251124", 97800, 99000, 96200, 96700, 29831172, 52.22],
		
["20251125", 101400, 101400, 97800, 99300, 16110054, 52.22],
		
["20251126", 100500, 102900, 99300, 102800, 21314975, 52.26],
		
["20251127", 104100, 105500, 102700, 103500, 16453004, 52.27],
		
["20251128", 103800, 103800, 100500, 100500, 15292277, 52.17],
		
["20251201", 102000, 102800, 99900, 100800, 10905526, 52.14],
		
["20251202", 101200, 103500, 101000, 103400, 13649487, 52.22],
		
["20251203", 104700, 105500, 104000, 104500, 14697927, 52.24],
		
["20251204", 103900, 105100, 103200, 105100, 11931145, 52.21],
		
["20251205", 105300, 108400, 104600, 108400, 19755571, 52.28],
		
["20251208", 109700, 110000, 108000, 109500, 15527762, 52.3],
		
["20251209", 108900, 109400, 107300, 108400, 13671800, 52.23],
		
["20251210", 108300, 109800, 107400, 108000, 12365092, 52.21],
		
["20251211", 109200, 110500, 107300, 107300, 22994507, 52.26],
		
["20251212", 107100, 108900, 106800, 108900, 14210314, 52.24],
		
["20251215", 105300, 105800, 104600, 104800, 20594654, 52.11],
		
["20251216", 104900, 105600, 102700, 102800, 18852079, 52.07],
		
["20251217", 103500, 108100, 103400, 107900, 22297611, 52.12],
		
["20251218", 106400, 108200, 105700, 107600, 20445631, 52.11],
		
["20251219", 109700, 109700, 106200, 106300, 25917098, 51.98],
		
["20251222", 109700, 110500, 109300, 110500, 24859171, 52.13],
		
["20251223", 110900, 112500, 110400, 111500, 20419187, 52.22],
		
["20251224", 112400, 112400, 110900, 111100, 12492939, 52.22],
		
["20251226", 112400, 117000, 112400, 117000, 34018174, 52.42],
		
["20251229", 119400, 119700, 118200, 119500, 19676004, 52.34],
		
["20251230", 119100, 121200, 118700, 119900, 19746349, 52.33],
		
["20260102", 120200, 128500, 120200, 128500, 30463279, 52.37],
		
["20260105", 134600, 138600, 133600, 138100, 42863376, 52.4],
		
["20260106", 135300, 139300, 132700, 138900, 45321341, 52.18],
		
["20260107", 143500, 144400, 137600, 141000, 46317413, 52.22],
		
["20260108", 138300, 144500, 138300, 138800, 41449329, 52.15],
		
["20260109", 136000, 140700, 135200, 139000, 29520566, 52.03],
		
["20260112", 141000, 142000, 136900, 138800, 26271134, 51.91],
		
["20260113", 139800, 140200, 136900, 137600, 22384699, 51.84],
		
["20260114", 137000, 140300, 136800, 140300, 18444394, 51.85],
		
["20260115", 139000, 144000, 138300, 143900, 24701126, 51.85],
		
["20260116", 145300, 149500, 144300, 148900, 30000219, 51.86],
		
["20260119", 147200, 150600, 146600, 149300, 22762497, 51.86],
		
["20260120", 148500, 149300, 143900, 145200, 24059218, 51.8],
		
["20260121", 141900, 149800, 141800, 149500, 31703610, 51.92],
		
["20260122", 155000, 157000, 150800, 152300, 32073624, 51.93],
		
["20260123", 154700, 156000, 150100, 152100, 25407497, 51.89],
		
["20260126", 154900, 156400, 151500, 152100, 20561689, 51.91],
		
["20260127", 150500, 159500, 149200, 159500, 29423670, 51.97],
		
["20260128", 162600, 163300, 160200, 162400, 29456431, 51.93],
		
["20260129", 166200, 166600, 157100, 160700, 36087223, 51.8],
		
["20260130", 160100, 166500, 160100, 160500, 40557267, 51.74],
		
["20260202", 155700, 159600, 150400, 150400, 39748369, 51.62],
		
["20260203", 157900, 167500, 157200, 167500, 36529813, 51.72],
		
["20260204", 163500, 169400, 163100, 169100, 29943042, 51.62],
		
["20260205", 162000, 164000, 158500, 159300, 38435228, 51.3],
		
["20260206", 154100, 160300, 151600, 158600, 36358081, 51.18],
		
["20260209", 168600, 168700, 165000, 166400, 25098971, 51.19],
		
["20260210", 167400, 168100, 165500, 165800, 19369566, 51.22],
		
["20260211", 164000, 168600, 162000, 167800, 22760242, 51.28],
		
["20260212", 171200, 179600, 170100, 178600, 41296011, 51.52],
		
["20260213", 179500, 184400, 178900, 181200, 34454192, 51.42],
		
["20260219", 188000, 190900, 187100, 190000, 27049388, 51.3],
		
["20260220", 190000, 190300, 188600, 190100, 24213880, 51.09],
		
["20260223", 194400, 197600, 190500, 193000, 26364684, 51.0],
		
["20260224", 193000, 200000, 192000, 200000, 28060617, 50.96],
		
["20260225", 202500, 206000, 201000, 203500, 26987996, 50.8],
		
["20260226", 206500, 219000, 206000, 218000, 30095763, 50.66],
		
["20260227", 210000, 223000, 210000, 216500, 51774768, 50.3],
		
["20260303", 209500, 212500, 195100, 195100, 54879010, 50.03],
		
["20260304", 184200, 195900, 171900, 172200, 89427954, 49.97],
		
["20260305", 195000, 199700, 188100, 191600, 53959129, 49.95],
		
["20260306", 186100, 189700, 181000, 188200, 29522650, 49.82],
		
["20260309", 173500, 175500, 167300, 173500, 43066020, 49.67],
		
["20260310", 187600, 191500, 184300, 187900, 33530170, 49.79],
		
["20260311", 193000, 194800, 187700, 190000, 24311356, 49.77],
		
["20260312", 186600, 190000, 185900, 187900, 20440753, 49.66],
		
["20260313", 180000, 186200, 179900, 183500, 19566331, 49.58],
		
["20260316", 184600, 189000, 183600, 188700, 19747901, 49.56],
		
["20260317", 198000, 198000, 193100, 193900, 20300082, 49.56],
		
["20260318", 200500, 209000, 199700, 208500, 25148481, 49.6],
		
["20260319", 199900, 205000, 199600, 200500, 19884483, 49.53],
		
["20260320", 202000, 202500, 199000, 199400, 35279762, 49.5],
		
["20260323", 190500, 191200, 186300, 186300, 30268173, 49.34],
		
["20260324", 195500, 196000, 185500, 189700, 25458914, 49.21],
		
["20260325", 193700, 196400, 189000, 189000, 22995904, 49.12],
		
["20260326", 185500, 185900, 178900, 180100, 32074131, 48.9],
		
["20260327", 172100, 181700, 172000, 179700, 29138966, 48.7],
		
["20260330", 171000, 176650, 170600, 176300, 22269147, 48.62],
		
["20260331", 170000, 174700, 167000, 167200, 38659593, 48.41],
		
["20260401", 179000, 190800, 178000, 189600, 32390251, 48.43],
		
["20260402", 192600, 193600, 175000, 178400, 38615231, 48.4],
		
["20260403", 184200, 187200, 182700, 186200, 20194447, 48.41],
		
["20260406", 190900, 194600, 190100, 193100, 20635958, 48.44],
		
["20260407", 202000, 202500, 192400, 196500, 30848053, 48.4],
		
["20260408", 214000, 214500, 207500, 210500, 35890973, 48.46],
		
["20260409", 207000, 207500, 202000, 204000, 42320839, 48.64],
		
["20260410", 208500, 211000, 205500, 206000, 18244459, 48.65],
		
["20260413", 198200, 203000, 198200, 201000, 19603415, 49.23],
		
["20260414", 208000, 210000, 205500, 206500, 23672078, 49.23],
		
["20260415", 215000, 215500, 210000, 211000, 24092884, 49.23],
		
["20260416", 212000, 218000, 210500, 217500, 21499788, 49.26],
		
["20260417", 217000, 218000, 215000, 216000, 18079322, 49.2],
		
["20260420", 214500, 219000, 213000, 214500, 17107741, 49.14],
		
["20260421", 218000, 220000, 216000, 219000, 16752132, 49.18],
		
["20260422", 218500, 222500, 215500, 217500, 16823480, 49.16],
		
["20260423", 223000, 229500, 216000, 224500, 34525485, 49.24],
		
["20260424", 224000, 225000, 216500, 219500, 19626666, 49.14],
		
["20260427", 220000, 226000, 218500, 224500, 22870374, 49.25],
		
["20260428", 224000, 226000, 221500, 222000, 18444490, 49.19],
		
["20260429", 219500, 228000, 218500, 226000, 20363756, 49.27],
		
["20260430", 229000, 230000, 220500, 220500, 22161975, 49.24],
		
["20260504", 228000, 232500, 224000, 232500, 32920816, 49.37],
		
["20260506", 254000, 270000, 251000, 266000, 53097996, 49.61],
		
["20260507", 272000, 277000, 260000, 271500, 41404687, 49.4],
		
["20260508", 260000, 270000, 260000, 268500, 25875880, 49.21],
		
["20260511", 284500, 288500, 280000, 285500, 36031094, 49.07],
		
["20260512", 290000, 291500, 266000, 279000, 41211149, 48.91],
		
["20260513", 264000, 285500, 262000, 284000, 35540134, 48.83],
		
["20260514", 282000, 299500, 282000, 296000, 39314752, 48.85],
		
["20260515", 291000, 296500, 266000, 270500, 38075487, 48.69],
		
["20260518", 269500, 288500, 262000, 281000, 33555214, 48.61],
		
["20260519", 274000, 281500, 266000, 275500, 30767569, 48.42],
		
["20260520", 278000, 282500, 263500, 276000, 35662077, 48.33],
		
["20260521", 291000, 299500, 287000, 299500, 36168689, 48.39],
		
["20260522", 300000, 300500, 292000, 292500, 18395274, 48.32],
		
["20260526", 298000, 302000, 297500, 299000, 23441371, 48.37],
		
["20260527", 321500, 323000, 306000, 307000, 33916688, 48.39],
		
["20260528", 305000, 306500, 287500, 299500, 30195334, 48.29],
		
["20260529", 309500, 319000, 305500, 317000, 37241537, 48.29],
		
["20260601", 319500, 354500, 319500, 349000, 45052488, 48.3],
		
["20260602", 360500, 370000, 342000, 360500, 44720282, 48.07],
		
["20260604", 349000, 366000, 348000, 351500, 34771037, 47.81],
		
["20260605", 333500, 343000, 325000, 329000, 33725012, 47.73],
		
["20260608", 293000, 315500, 292500, 295500, 38929682, 47.7],
		
["20260609", 310000, 324000, 300000, 322000, 30124249, 47.68],
		
["20260610", 311000, 314500, 295250, 302500, 27050362, 47.61],
		
["20260611", 290500, 306500, 287500, 299000, 31420307, 47.58],
		
["20260612", 326000, 339000, 320000, 322500, 31006148, 47.63],
		
["20260615", 342500, 344500, 334000, 337000, 21500067, 47.6],
		
["20260616", 343000, 345500, 332500, 343000, 17548685, 47.6],
		
["20260617", 332000, 348000, 331500, 346500, 18134051, 47.57],
		
["20260618", 345000, 363000, 344500, 362500, 32764450, 47.62],
		
["20260619", 372500, 374500, 346250, 354000, 43284898, 47.56],
		
["20260622", 343000, 363000, 342000, 353500, 24330451, 47.52],
		
["20260623", 347500, 353000, 310000, 310000, 41266630, 47.43],
		
["20260624", 314000, 341000, 314000, 340500, 47809959, 47.41],
		
["20260625", 359500, 362500, 352000, 358500, 36157158, 47.37],
		
["20260626", 354000, 356500, 321500, 339500, 39735951, 47.24],
		
["20260629", 331000, 335500, 316000, 323000, 35436521, 47.01],
		
["20260630", 323500, 343000, 321000, 334000, 29237216, 46.96],
		
["20260701", 334500, 339000, 311500, 314500, 24968382, 46.88],
		
["20260702", 290000, 304000, 281500, 286000, 38905074, 46.76],
		
["20260703", 288500, 313000, 283500, 309500, 31520538, 46.72],
		
["20260706", 320000, 325000, 303000, 318000, 23872879, 46.69],
		
["20260707", 307000, 310000, 286000, 296000, 32421032, 46.58],
		
["20260708", 285500, 300000, 273500, 277500, 33525758, 46.55],
		
["20260709", 288500, 291500, 267500, 278000, 29703616, 46.57],
		
["20260710", 291000, 298000, 282000, 285000, 20088811, 46.59],
		
["20260713", 285000, 292500, 253000, 254500, 31882652, 46.58],
		
["20260714", 255000, 270000, 247000, 263000, 40086496, 46.58],
		
["20260715", 283500, 284500, 273000, 279500, 24873414, 46.6],
		
["20260716", 264500, 265500, 252500, 255000, 27001478, 46.56],
		
["20260720", 241000, 257500, 240000, 244000, 26804038, 46.59],
		
["20260721", 247000, 263500, 243000, 259000, 20386896, 46.63],
		
["20260722", 276000, 276000, 260000, 260500, 22292003, 46.71],
		
["20260723", 269000, 273000, 263000, 270000, 16011816, 46.76],
		
["20260724", 266000, 266500, 247000, 249500, 26175580, 46.71],
		
["20260727", 257000, 258500, 246000, 254000, 23296044, 46.66],
		
["20260728", 238500, 240000, 218500, 220000, 41639623, 46.54],
		
["20260729", 226500, 234000, 189200, 208500, 65555523, 46.5],
		
["20260730", 214000, 226000, 202000, 207000, 46694193, 46.53],
		
["20260731", 257000, 267000, 243000, 262500, 58478873, 46.7],
		
["20260803", 248000, 249500, 238000, 239500, 27825493, 46.61],
		
["20260804", 244500, 244500, 228000, 240000, 29433821, 46.63],
		
["20260805", 254000, 254500, 244000, 246000, 22577128, 46.68],
		
["20260806", 241500, 246000, 228000, 230500, 26101823, 46.63],
		
["20260807", 235000, 239500, 229000, 231000, 20546010, 46.61],
		
["20260810", 236000, 238500, 228500, 230000, 16327805, 46.53],
		
["20260811", 229500, 243000, 227500, 239500, 23310969, 46.6],
		
["20260812", 243500, 260500, 241000, 255500, 27102479, 46.71],
		
["20260813", 267500, 271000, 262500, 268000, 35530867, 46.7],
		
["20260814", 275000, 275500, 266000, 274500, 21669476, 46.8],
		
["20260818", 283000, 288000, 265000, 268500, 24464621, 46.83],
		
["20260819", 251500, 254500, 246500, 247500, 22788552, 46.75],
		
["20260820", 257000, 273000, 252500, 271000, 26095919, 46.86],
		
["20260821", 267000, 285000, 266000, 281500, 27746471, 46.87],
		
["20260824", 271500, 272000, 255000, 257000, 32451940, 46.74],
		
["20260825", 249000, 258000, 245000, 257000, 21617407, 46.65],
		
["20260826", 256500, 266500, 255500, 261500, 19532523, 46.71],
		
["20260827", 270000, 271000, 262500, 266000, 16829395, 46.75],
		
["20260828", 262500, 266000, 256000, 257000, 15106746, 46.72],
		
["20260831", 249000, 260000, 246000, 260000, 18270969, 46.72],
		
["20260901", 256500, 262500, 254000, 261000, 15319615, 46.71],
		
["20260902", 252000, 255500, 249500, 250500, 15176841, 46.69],
		
["20260903", 254000, 255000, 243000, 250000, 13756022, 46.71],
		
["20260904", 254000, 259000, 252500, 255500, 14031862, 46.73],
		
["20260907", 267000, 270000, 264000, 270000, 18314016, 46.79],
		
["20260908", 272000, 279000, 269000, 269500, 22716517, 46.85],
		
["20260909", 269500, 275000, 267500, 269500, 16370962, 46.81],
		
["20260910", 269000, 270500, 263500, 269000, 22517075, 46.71],
		
["20260911", 258000, 261500, 256500, 259500, 13939111, 46.64],
		
["20260914", 249500, 254500, 247000, 248500, 17776098, 46.57],
		
["20260915", 248000, 252000, 246000, 250500, 11435506, 46.56],
		
["20260916", 248000, 254000, 247500, 253500, 11757106, 46.52],
		
["20260917", 257000, 259000, 251500, 256000, 11827514, 46.48],
		
["20260918", 261000, 262000, 257500, 260000, 17489615, 46.46],
		
["20260921", 264000, 275000, 263500, 275000, 22261519, 46.56],
		
["20260922", 283000, 283500, 271500, 277500, 18157410, 46.55],
		
["20260923", 284500, 286500, 281000, 286500, 20864376, 46.64],
		
["20260928", 284500, 285500, 268500, 270000, 21346064, 46.52],
		
["20260929", 266000, 276000, 266000, 275000, 15963864, 46.47],
		
["20260930", 274500, 276000, 268500, 269000, 7707540, 46.47]
		
	

]
