
 [['날짜', '시가', '고가', '저가', '종가', '거래량', '외국인소진율'],

	
	
		
["20250901", 259500, 261000, 255000, 256000, 1837054, 55.06],
		
["20250902", 256000, 261500, 256000, 260500, 1584710, 55.13],
		
["20250903", 259500, 265500, 257750, 262500, 2437896, 55.18],
		
["20250904", 267000, 271000, 264500, 265500, 2189959, 55.16],
		
["20250905", 273000, 275000, 272000, 273500, 3103427, 55.35],
		
["20250908", 278500, 279000, 274000, 277000, 2018299, 55.44],
		
["20250909", 278000, 288500, 277000, 288000, 4158342, 55.63],
		
["20250910", 294500, 305000, 293000, 304000, 5265553, 55.97],
		
["20250911", 310000, 315000, 305500, 307000, 5148088, 56.09],
		
["20250912", 322000, 329500, 319000, 328500, 4242516, 56.21],
		
["20250915", 339500, 341500, 325000, 331000, 4221256, 56.25],
		
["20250916", 331500, 354000, 331500, 348000, 5841135, 56.32],
		
["20250917", 341000, 342500, 333500, 333500, 4498866, 56.26],
		
["20250918", 338500, 357000, 336500, 353000, 4526286, 56.21],
		
["20250919", 351500, 360000, 348000, 353000, 4385543, 56.08],
		
["20250922", 349000, 359000, 345250, 351000, 4377563, 55.9],
		
["20250923", 355500, 363000, 353000, 361000, 3315336, 55.9],
		
["20250924", 359000, 364000, 348500, 357500, 4165199, 55.81],
		
["20250925", 352000, 359000, 349500, 356500, 2148215, 55.85],
		
["20250926", 347500, 349000, 333000, 336500, 3685324, 55.57],
		
["20250929", 339500, 351000, 339000, 349000, 2275986, 55.48],
		
["20250930", 353000, 356500, 347500, 347500, 2238614, 55.45],
		
["20251001", 351000, 362000, 351000, 360000, 2802437, 55.48],
		
["20251002", 388500, 404500, 384000, 395500, 7430763, 55.64],
		
["20251010", 426000, 439250, 416500, 428000, 6835852, 55.61],
		
["20251013", 405500, 415500, 403000, 415000, 4356534, 55.44],
		
["20251014", 425000, 436500, 406500, 411500, 4101275, 55.41],
		
["20251015", 410500, 424000, 407000, 422500, 2688019, 55.3],
		
["20251016", 421000, 455000, 420500, 452500, 4247934, 55.34],
		
["20251017", 451500, 475000, 449500, 465500, 4541583, 55.3],
		
["20251020", 477500, 485500, 465500, 485500, 3333903, 55.23],
		
["20251021", 497000, 502000, 478000, 479000, 4126858, 55.13],
		
["20251022", 475000, 482000, 469000, 481500, 3870276, 54.96],
		
["20251023", 470000, 488500, 468000, 478500, 3583993, 54.87],
		
["20251024", 493000, 513000, 491500, 510000, 4254202, 54.99],
		
["20251027", 533000, 537000, 523000, 535000, 3381231, 54.94],
		
["20251028", 521000, 527000, 509000, 521000, 5659008, 54.63],
		
["20251029", 538000, 559000, 523000, 558000, 4803031, 54.6],
		
["20251030", 558000, 579000, 552000, 568000, 4888461, 54.53],
		
["20251031", 557000, 566000, 552000, 559000, 3351809, 54.37],
		
["20251103", 557000, 624000, 555000, 620000, 5787058, 54.33],
		
["20251104", 611000, 614000, 583000, 586000, 5969769, 54.21],
		
["20251105", 563000, 587000, 532000, 579000, 8976222, 53.9],
		
["20251106", 602000, 607000, 583000, 593000, 5321244, 53.77],
		
["20251107", 577000, 599000, 565000, 580000, 4789397, 53.7],
		
["20251110", 584000, 615000, 581000, 606000, 4893645, 53.67],
		
["20251111", 622000, 646000, 604000, 619000, 5508697, 53.57],
		
["20251112", 605000, 620000, 601000, 617000, 2831484, 53.95],
		
["20251113", 607000, 622000, 607000, 612000, 3875541, 54.0],
		
["20251114", 579000, 585000, 560000, 560000, 5778374, 53.67],
		
["20251117", 588000, 606000, 584000, 606000, 4470947, 53.76],
		
["20251118", 583000, 591000, 570000, 570000, 3544391, 53.63],
		
["20251119", 563000, 570000, 546000, 562000, 4529736, 53.46],
		
["20251120", 595000, 597000, 570000, 571000, 4670237, 53.36],
		
["20251121", 518000, 531000, 514000, 521000, 6646712, 53.59],
		
["20251124", 531000, 542000, 517000, 520000, 6399162, 53.46],
		
["20251125", 546000, 550000, 518000, 519000, 3716730, 53.43],
		
["20251126", 513000, 528000, 501000, 524000, 5127393, 53.34],
		
["20251127", 535000, 556000, 533000, 544000, 3654092, 53.39],
		
["20251128", 551000, 552000, 530000, 530000, 2680138, 53.21],
		
["20251201", 542000, 545000, 525000, 538000, 3134704, 53.3],
		
["20251202", 548000, 559000, 542000, 558000, 2686580, 53.39],
		
["20251203", 550000, 559000, 544000, 552000, 2586619, 53.3],
		
["20251204", 542000, 543000, 532000, 542000, 2858305, 53.18],
		
["20251205", 530000, 546000, 527000, 544000, 3204933, 53.14],
		
["20251208", 543000, 580000, 533000, 577000, 4288433, 53.23],
		
["20251209", 569000, 575000, 564000, 566000, 2391174, 53.24],
		
["20251210", 571000, 593000, 570000, 587000, 3986083, 53.41],
		
["20251211", 583000, 589000, 565000, 565000, 4021907, 53.38],
		
["20251212", 565000, 579000, 560000, 571000, 2646148, 53.38],
		
["20251215", 535000, 563500, 535000, 554000, 2482125, 53.41],
		
["20251216", 545000, 551000, 530000, 530000, 3287998, 53.32],
		
["20251217", 530000, 554000, 525000, 551000, 2692626, 53.34],
		
["20251218", 538000, 563000, 537000, 552000, 2959059, 53.37],
		
["20251219", 569000, 570000, 547000, 547000, 3440005, 53.33],
		
["20251222", 574000, 580000, 567000, 580000, 2878464, 53.42],
		
["20251223", 585000, 593000, 581000, 584000, 2011188, 53.44],
		
["20251224", 587000, 591000, 584000, 588000, 2160697, 53.54],
		
["20251226", 594000, 605000, 590000, 599000, 4243548, 53.74],
		
["20251229", 630000, 640000, 625000, 640000, 4176151, 53.82],
		
["20251230", 639000, 659000, 634000, 651000, 4094603, 53.83],
		
["20260102", 651000, 679000, 647000, 677000, 4181895, 53.81],
		
["20260105", 698000, 700000, 684000, 696000, 4337511, 53.82],
		
["20260106", 690000, 727000, 671000, 726000, 4830275, 53.88],
		
["20260107", 760000, 762000, 728000, 742000, 5693115, 53.98],
		
["20260108", 731000, 788000, 731000, 756000, 6496379, 53.97],
		
["20260109", 744000, 756000, 727000, 744000, 4343703, 53.8],
		
["20260112", 755000, 762000, 735000, 749000, 3329793, 53.79],
		
["20260113", 753000, 754000, 724000, 738000, 3771944, 53.64],
		
["20260114", 733000, 750000, 728000, 742000, 4885051, 53.58],
		
["20260115", 732000, 750000, 727000, 749000, 3003414, 53.54],
		
["20260116", 751000, 763000, 747000, 756000, 3712326, 53.5],
		
["20260119", 755000, 774000, 750000, 764000, 3392008, 53.5],
		
["20260120", 764000, 764000, 737000, 743000, 2762369, 53.46],
		
["20260121", 729000, 756000, 728000, 740000, 5108442, 53.55],
		
["20260122", 766000, 773000, 751000, 755000, 3545309, 53.56],
		
["20260123", 754000, 776000, 744000, 767000, 3508272, 53.56],
		
["20260126", 753000, 754000, 736000, 736000, 3133330, 53.51],
		
["20260127", 738000, 800000, 733000, 800000, 5660198, 53.6],
		
["20260128", 810000, 854000, 803000, 841000, 6708497, 53.56],
		
["20260129", 879000, 884000, 819000, 861000, 6837983, 53.43],
		
["20260130", 854000, 931000, 853000, 909000, 7875195, 53.47],
		
["20260202", 870000, 888000, 830000, 830000, 7634191, 53.21],
		
["20260203", 874000, 907000, 871000, 907000, 5272538, 53.14],
		
["20260204", 884000, 906000, 883000, 900000, 3800763, 53.01],
		
["20260205", 851000, 877000, 838000, 842000, 5473720, 52.77],
		
["20260206", 805000, 850000, 791000, 839000, 5581574, 52.61],
		
["20260209", 898000, 899000, 873000, 887000, 4228584, 52.86],
		
["20260210", 894000, 905000, 876000, 876000, 3441377, 52.87],
		
["20260211", 860000, 874000, 848000, 860000, 3125590, 52.83],
		
["20260212", 882000, 894000, 878000, 888000, 4619344, 53.12],
		
["20260213", 889000, 903000, 878000, 880000, 3534047, 53.13],
		
["20260219", 905000, 913000, 888000, 894000, 3285109, 53.13],
		
["20260220", 892000, 955000, 881000, 949000, 5054333, 54.62],
		
["20260223", 980000, 980000, 941000, 951000, 3523887, 54.6],
		
["20260224", 952000, 1005000, 946000, 1005000, 4102382, 54.64],
		
["20260225", 1012000, 1038000, 1004000, 1018000, 3462525, 54.48],
		
["20260226", 1024000, 1099000, 1023000, 1099000, 4461976, 54.36],
		
["20260227", 1050000, 1096000, 1048000, 1061000, 6453062, 54.02],
		
["20260303", 1022000, 1040000, 939000, 939000, 6818327, 53.87],
		
["20260304", 894000, 954000, 846000, 849000, 9253420, 53.79],
		
["20260305", 976000, 992000, 927000, 941000, 6442459, 53.84],
		
["20260306", 912000, 938000, 885000, 924000, 3744322, 53.76],
		
["20260309", 851000, 864000, 808000, 836000, 7253621, 53.54],
		
["20260310", 915000, 950000, 899000, 938000, 5304897, 53.69],
		
["20260311", 954000, 985000, 941000, 955000, 3916098, 53.7],
		
["20260312", 938000, 963000, 928000, 930000, 3711742, 53.59],
		
["20260313", 891000, 929000, 884000, 910000, 3645102, 53.51],
		
["20260316", 925000, 975000, 924000, 974000, 3829496, 53.57],
		
["20260317", 1009000, 1010000, 969000, 970000, 3326240, 53.51],
		
["20260318", 1000000, 1060000, 999000, 1056000, 4347884, 53.63],
		
["20260319", 1008000, 1043000, 1003000, 1013000, 3347483, 53.55],
		
["20260320", 1023000, 1026000, 1002000, 1007000, 3426646, 53.45],
		
["20260323", 952000, 963000, 927000, 933000, 3911813, 53.43],
		
["20260324", 993000, 994000, 938000, 986000, 4352152, 53.41],
		
["20260325", 1016000, 1042000, 988000, 995000, 4463869, 53.35],
		
["20260326", 965000, 973000, 931000, 933000, 4660620, 53.21],
		
["20260327", 890000, 934000, 880000, 922000, 4520942, 53.05],
		
["20260330", 867000, 884000, 862000, 873000, 4498502, 52.88],
		
["20260331", 817000, 852000, 806000, 807000, 7194351, 52.69],
		
["20260401", 884000, 905000, 858000, 893000, 6255058, 52.62],
		
["20260402", 912000, 914000, 818000, 830000, 6127534, 52.57],
		
["20260403", 867000, 886000, 860000, 876000, 2927164, 52.62],
		
["20260406", 877000, 901500, 869000, 886000, 3100989, 52.61],
		
["20260407", 917000, 933000, 888000, 916000, 3619929, 52.71],
		
["20260408", 1007000, 1056000, 992000, 1033000, 6709356, 52.9],
		
["20260409", 1015000, 1025000, 990000, 998000, 5026817, 52.79],
		
["20260410", 1030000, 1042000, 1024000, 1027000, 3134921, 52.91],
		
["20260413", 999000, 1043000, 996000, 1040000, 2769753, 52.98],
		
["20260414", 1092000, 1128000, 1078000, 1103000, 4754545, 53.08],
		
["20260415", 1165000, 1173000, 1130000, 1136000, 4093703, 53.04],
		
["20260416", 1141000, 1161000, 1130000, 1155000, 2901319, 52.97],
		
["20260417", 1149000, 1155000, 1121000, 1128000, 3578235, 52.87],
		
["20260420", 1148000, 1175000, 1141000, 1166000, 3748014, 52.96],
		
["20260421", 1196000, 1228000, 1193000, 1224000, 3516960, 53.06],
		
["20260422", 1227000, 1233000, 1195000, 1223000, 2894919, 53.05],
		
["20260423", 1220000, 1267000, 1183000, 1225000, 5343871, 53.12],
		
["20260424", 1237000, 1242000, 1193000, 1222000, 3127857, 53.01],
		
["20260427", 1253000, 1317000, 1249000, 1292000, 4563073, 53.1],
		
["20260428", 1313000, 1328000, 1296000, 1300000, 3002713, 53.04],
		
["20260429", 1284000, 1317000, 1281000, 1293000, 3001208, 52.92],
		
["20260430", 1312000, 1325000, 1286000, 1286000, 3342342, 53.0],
		
["20260504", 1339000, 1450000, 1333000, 1447000, 5776641, 53.22],
		
["20260506", 1590000, 1614000, 1557000, 1601000, 6631934, 53.23],
		
["20260507", 1622000, 1665000, 1567000, 1654000, 5860618, 53.01],
		
["20260508", 1591000, 1689000, 1591000, 1686000, 4278087, 52.87],
		
["20260511", 1833000, 1949000, 1826000, 1880000, 7433039, 52.78],
		
["20260512", 1944000, 1967000, 1804000, 1835000, 9160593, 52.51],
		
["20260513", 1781000, 1990000, 1781000, 1976000, 7126921, 52.37],
		
["20260514", 1976000, 1994000, 1937000, 1970000, 6040068, 52.36],
		
["20260515", 1950000, 1995000, 1789000, 1819000, 7485233, 52.14],
		
["20260518", 1780000, 1897000, 1731000, 1840000, 6481608, 52.06],
		
["20260519", 1791000, 1823000, 1740000, 1745000, 4575855, 51.87],
		
["20260520", 1743000, 1778000, 1690000, 1745000, 5535123, 51.76],
		
["20260521", 1801000, 1954000, 1796000, 1940000, 5096690, 51.66],
		
["20260522", 1942000, 1952000, 1912000, 1941000, 3135190, 51.61],
		
["20260526", 2008000, 2087000, 2006000, 2052000, 4903591, 51.62],
		
["20260527", 2279000, 2358000, 2200000, 2243000, 7545783, 51.65],
		
["20260528", 2189000, 2305000, 2151000, 2289000, 6229499, 51.5],
		
["20260529", 2352000, 2379000, 2290500, 2333000, 8518013, 51.44],
		
["20260601", 2299000, 2398000, 2296000, 2363000, 5602897, 51.34],
		
["20260602", 2376000, 2407000, 2259000, 2360000, 5837216, 51.3],
		
["20260604", 2284000, 2327000, 2262000, 2298000, 3941067, 51.27],
		
["20260605", 2142000, 2188000, 2070000, 2070000, 5778751, 51.16],
		
["20260608", 1856000, 2072000, 1855000, 1911000, 6610833, 51.15],
		
["20260609", 2050000, 2226000, 1998000, 2215000, 5878039, 51.09],
		
["20260610", 2137000, 2180000, 1992000, 2048000, 4928269, 51.05],
		
["20260611", 1975000, 2163000, 1960000, 2101000, 6625775, 51.1],
		
["20260612", 2281000, 2304000, 2150000, 2150000, 5286416, 51.19],
		
["20260615", 2283000, 2322000, 2265000, 2288000, 3872910, 51.23],
		
["20260616", 2381000, 2400000, 2286000, 2382000, 3644469, 51.29],
		
["20260617", 2335000, 2523000, 2334000, 2521000, 3980010, 51.3],
		
["20260618", 2556000, 2738000, 2556000, 2685000, 5808765, 51.31],
		
["20260619", 2824000, 2891000, 2688000, 2764000, 7478195, 51.25],
		
["20260622", 2728000, 2945000, 2728000, 2919000, 5179795, 51.15],
		
["20260623", 2898000, 2943000, 2536000, 2555000, 8050335, 50.99],
		
["20260624", 2598000, 2703000, 2453000, 2580000, 7487916, 50.78],
		
["20260625", 2865000, 2987000, 2749000, 2917000, 6790853, 50.77],
		
["20260626", 2850000, 2880000, 2600000, 2673000, 7467492, 50.63],
		
["20260629", 2636000, 2688000, 2517000, 2628000, 5217788, 50.44],
		
["20260630", 2608000, 2742000, 2541000, 2650000, 5109213, 50.36],
		
["20260701", 2665000, 2723000, 2502000, 2560000, 4277276, 50.4],
		
["20260702", 2351000, 2448000, 2187000, 2187000, 7685914, 50.28],
		
["20260703", 2197000, 2454000, 2045000, 2425000, 7984914, 50.17],
		
["20260706", 2450000, 2497000, 2292000, 2343000, 4235360, 50.17],
		
["20260707", 2289000, 2343000, 2080000, 2201000, 6351195, 50.06],
		
["20260708", 2118000, 2329000, 2076000, 2076000, 6975631, 50.05],
		
["20260709", 2228000, 2270000, 2091000, 2186000, 6261504, 50.01],
		
["20260710", 2296000, 2305000, 2166000, 2180000, 4827239, 49.87],
		
["20260713", 2113000, 2142000, 1839000, 1845000, 8040043, 49.77],
		
["20260714", 1825000, 1936000, 1678000, 1913000, 10447011, 49.88],
		
["20260715", 2120000, 2171000, 2070000, 2082000, 6046951, 52.44],
		
["20260716", 1902000, 1919000, 1821000, 1842000, 5608812, 52.37],
		
["20260720", 1745000, 1892000, 1735000, 1764000, 5876444, 52.4],
		
["20260721", 1775000, 1889000, 1732000, 1836000, 4639208, 52.39],
		
["20260722", 1977000, 2006000, 1830000, 1830000, 4802637, 52.5],
		
["20260723", 1910000, 1948000, 1845000, 1919000, 4119477, 52.6],
		
["20260724", 1894000, 1894000, 1752000, 1759000, 4935624, 52.44],
		
["20260727", 1814000, 1821000, 1707000, 1816000, 4030933, 52.39],
		
["20260728", 1662000, 1674000, 1550000, 1550000, 8120587, 50.85],
		
["20260729", 1567000, 1619000, 1246000, 1401000, 12428883, 50.77],
		
["20260730", 1361000, 1459000, 1287000, 1322000, 9543189, 50.86],
		
["20260731", 1697000, 1718000, 1586000, 1718000, 10499619, 51.22],
		
["20260803", 1642000, 1645000, 1562000, 1567000, 5432833, 51.04],
		
["20260804", 1620000, 1630000, 1483000, 1577000, 5391210, 50.95],
		
["20260805", 1693000, 1701000, 1647000, 1668000, 3945674, 51.03],
		
["20260806", 1600000, 1606000, 1481000, 1495000, 5498295, 50.84],
		
["20260807", 1521000, 1542000, 1409000, 1422000, 5002539, 50.81],
		
["20260810", 1443000, 1487000, 1397000, 1420000, 3295283, 50.77],
		
["20260811", 1405000, 1455000, 1373000, 1425000, 3817655, 50.74],
		
["20260812", 1456000, 1549000, 1440000, 1504000, 4566672, 50.83],
		
["20260813", 1582000, 1634000, 1567000, 1593000, 4680347, 50.96],
		
["20260814", 1695000, 1697000, 1626000, 1645000, 4520990, 51.07],
		
["20260818", 1736000, 1792000, 1640000, 1662000, 5139000, 51.16],
		
["20260819", 1545000, 1559000, 1486000, 1500000, 4223067, 50.99],
		
["20260820", 1613000, 1720000, 1576000, 1691000, 5452970, 51.05],
		
["20260821", 1675000, 1773000, 1669000, 1730000, 4274294, 51.05],
		
["20260824", 1775000, 1792000, 1670000, 1671000, 3994599, 50.92],
		
["20260825", 1598000, 1687000, 1557000, 1678000, 4029660, 50.72],
		
["20260826", 1668000, 1735000, 1662000, 1688000, 2923810, 50.65],
		
["20260827", 1776000, 1788000, 1708000, 1730000, 3264042, 50.63],
		
["20260828", 1704000, 1725000, 1653000, 1653000, 3531892, 50.57],
		
["20260831", 1596000, 1674000, 1577000, 1674000, 3980661, 50.56],
		
["20260901", 1666000, 1713000, 1652000, 1693000, 2727724, 50.57],
		
["20260902", 1630000, 1661000, 1612000, 1613000, 2568478, 50.47],
		
["20260903", 1643000, 1649000, 1558000, 1596000, 2632758, 50.45],
		
["20260904", 1620000, 1683000, 1620000, 1647000, 2827892, 50.5],
		
["20260907", 1737000, 1783000, 1733000, 1783000, 3480094, 50.63],
		
["20260908", 1799000, 1889000, 1777000, 1793000, 4164618, 50.66],
		
["20260909", 1795000, 1883000, 1795000, 1856000, 3526484, 50.67],
		
["20260910", 1879000, 1890000, 1811000, 1853000, 4483585, 50.55],
		
["20260911", 1773000, 1827000, 1768000, 1812000, 2625165, 50.47],
		
["20260914", 1707000, 1740000, 1678000, 1683000, 4001549, 50.27],
		
["20260915", 1690000, 1729000, 1671000, 1712000, 2732031, 50.2],
		
["20260916", 1686000, 1760000, 1686000, 1757000, 2857754, 50.2],
		
["20260917", 1770000, 1785000, 1735000, 1766000, 2803398, 50.1],
		
["20260918", 1810000, 1857000, 1805000, 1849000, 4764077, 50.23],
		
["20260921", 1872000, 1888000, 1847000, 1879000, 2755380, 50.17],
		
["20260922", 1909000, 1935000, 1807000, 1841000, 3271767, 50.15],
		
["20260923", 1899000, 1900000, 1836000, 1863000, 2947714, 50.06],
		
["20260928", 1825000, 1840000, 1755000, 1761000, 3302748, 49.94],
		
["20260929", 1755000, 1790000, 1736000, 1790000, 2939411, 49.82],
		
["20260930", 1789000, 1824000, 1773000, 1779000, 1621520, 49.82]
		
	

]
