last deal (9, 21)
2026 서초구 전체 229 8170
  2026 반포동 33 19073
  2026 잠원동 34 16111
  2026 우면동 21 8170
  2026 신원동 6 8005
  2026 내곡동 6 7160
  2026 방배동 46 6675
  2026 서초동 70 6248
  2026 양재동 13 5523
2025 서초구 전체 427 7220
  2025 반포동 75 14189
  2025 잠원동 52 13677
  2025 신원동 8 7057
  2025 방배동 74 6725
  2025 서초동 154 6506
  2025 내곡동 7 6432
  2025 우면동 41 5735
  2025 양재동 16 4720

방배동 전용50㎡이상 38 평당중앙 7276
방배아트자이 2018 2 12337 [(85, 280000), (60, 250000)]
방배1차현대홈타운 1999 4 12326 [(60, 227000), (60, 237000), (60, 220000), (85, 295500)]
현대아르빌 2004 1 12125 [(68, 249700)]
방배그랑자이 2021 2 11200 [(113, 385000), (123, 414000)]
방배임광3차 1988 1 8855 [(84, 225000)]
삼성래미안1 2003 1 8760 [(85, 225000)]
임광 1985 2 8268 [(136, 280000), (85, 250000)]
방배래미안타워 2005 1 7869 [(103, 245000)]
방배3차현대홈타운 2004 1 7628 [(121, 279000)]
래미안방배아트힐(1008-2) 2004 1 7478 [(127, 288000)]
서리풀래디앙아파트 2020 1 7399 [(74, 165000)]
서초훼미리하우스 2017 1 7391 [(59, 133000)]
롯데캐슬헤론 2006 2 7260 [(124, 260000), (96, 220000)]
방배대성유니드아파트 2003 1 7162 [(85, 184000)]
한진로즈힐 2005 2 7129 [(97, 190000), (103, 242000)]
방배롯데캐슬로제 2009 1 7051 [(204, 436000)]
방배3차e-편한세상 2006 1 6327 [(199, 380000)]
SK리더스뷰(파스텔시티) 2006 1 5845 [(85, 150000)]
멤버스빌 2003 1 5841 [(85, 150000)]
방배현대멤피스2 2002 1 5462 [(163, 269000)]
노블씨티 2008 1 5415 [(114, 187000)]
벨루체팰리스 2007 1 5181 [(105, 164000)]
빌라도르 2001 1 5164 [(102, 160000)]
방배대우멤버스카운티301 2004 1 5163 [(122, 190000)]
렉스빌 2002 1 4864 [(245, 360000)]
방배아크로타워 2007 2 4726 [(52, 77900), (63, 85500)]
롯데캐슬파크(38) 2002 1 4576 [(245, 339000)]
다이너스티힐 2007 1 4261 [(256, 330000)]
방배서리풀힐스 2006 1 3380 [(128, 131000)]

방배동 50㎡이상 1년 전 67 6818
