== 2026 월소득별 (기준소득월액, 전체 9.5%, 직장인 몫 4.75%)
1500000 1500000 142500 71250 142500
2000000 2000000 190000 95000 190000
2500000 2500000 237500 118750 237500
3000000 3000000 285000 142500 285000
4000000 4000000 380000 190000 380000
5000000 5000000 475000 237500 475000
6590000 6590000 626050 313025 626050
8000000 6590000 626050 313025 626050
== 300만 연도별
2026 0.095 142500 285000
2027 0.1 150000 300000
2028 0.105 157500 315000
2029 0.11 165000 330000
2030 0.115 172500 345000
2031 0.12 180000 360000
2032 0.125 187500 375000
2033 0.13 195000 390000
상한 659만 연도별
2026 313025 626050
2027 329500 659000
2028 345975 691950
2029 362450 724900
2030 378925 757850
2031 395400 790800
2032 411875 823750
2033 428350 856700
2025 9%(직장인4.5%) 300만 135000 →2026 142500
하한 41만 38950 19475
