
 중앙노후준비지원센터
 노령연금 예상연금월액표 (2026년 기준)
모달닫기 -->
 노령연금 예상연금 평균소득 예상표
 평균소득월액(A값) : 3,193,511
 노령연금 예상연금월액표 : 가입기간 중 기준 소득월액의 평균액(B값), 연금보험료, 가입기간별 예상연금월액 상세 정보제공
 순번 | 
 가입기간 중 기준
소득월액의 평균액(B값) | 
 연금보험료 | 
 가입기간 | 
 (9.5%) | 
 10년 | 
 15년 | 
 20년 | 
 25년 | 
 30년 | 
 35년 | 
 40년 | 
 | 
 1 | 
 410,000 | 
 38,950 | 
 193,680 | 
 290,530 | 
 387,370 | 
 410,000 | 
 410,000 | 
 410,000 | 
 410,000 | 
 2 | 
 420,000 | 
 39,900 | 
 194,220 | 
 291,330 | 
 388,450 | 
 420,000 | 
 420,000 | 
 420,000 | 
 420,000 | 
 3 | 
 430,000 | 
 40,850 | 
 194,760 | 
 292,140 | 
 389,520 | 
 430,000 | 
 430,000 | 
 430,000 | 
 430,000 | 
 4 | 
 440,000 | 
 41,800 | 
 195,300 | 
 292,950 | 
 390,600 | 
 440,000 | 
 440,000 | 
 440,000 | 
 440,000 | 
 5 | 
 450,000 | 
 42,750 | 
 195,830 | 
 293,750 | 
 391,670 | 
 450,000 | 
 450,000 | 
 450,000 | 
 450,000 | 
 6 | 
 460,000 | 
 43,700 | 
 196,370 | 
 294,560 | 
 392,750 | 
 460,000 | 
 460,000 | 
 460,000 | 
 460,000 | 
 7 | 
 470,000 | 
 44,650 | 
 196,910 | 
 295,370 | 
 393,820 | 
 470,000 | 
 470,000 | 
 470,000 | 
 470,000 | 
 8 | 
 480,000 | 
 45,600 | 
 197,450 | 
 296,170 | 
 394,900 | 
 480,000 | 
 480,000 | 
 480,000 | 
 480,000 | 
 9 | 
 490,000 | 
 46,550 | 
 197,980 | 
 296,980 | 
 395,970 | 
 490,000 | 
 490,000 | 
 490,000 | 
 490,000 | 
 10 | 
 500,000 | 
 47,500 | 
 198,520 | 
 297,780 | 
 397,050 | 
 496,310 | 
 500,000 | 
 500,000 | 
 500,000 | 
 11 | 
 510,000 | 
 48,450 | 
 199,060 | 
 298,590 | 
 398,120 | 
 497,650 | 
 510,000 | 
 510,000 | 
 510,000 | 
 12 | 
 520,000 | 
 49,400 | 
 199,600 | 
 299,400 | 
 399,200 | 
 499,000 | 
 520,000 | 
 520,000 | 
 520,000 | 
 13 | 
 530,000 | 
 50,350 | 
 200,130 | 
 300,200 | 
 400,270 | 
 500,340 | 
 530,000 | 
 530,000 | 
 530,000 | 
 14 | 
 540,000 | 
 51,300 | 
 200,670 | 
 301,010 | 
 401,350 | 
 501,690 | 
 540,000 | 
 540,000 | 
 540,000 | 
 15 | 
 550,000 | 
 52,250 | 
 201,210 | 
 301,820 | 
 402,420 | 
 503,030 | 
 550,000 | 
 550,000 | 
 550,000 | 
 16 | 
 560,000 | 
 53,200 | 
 201,750 | 
 302,620 | 
 403,500 | 
 504,370 | 
 560,000 | 
 560,000 | 
 560,000 | 
 17 | 
 570,000 | 
 54,150 | 
 202,280 | 
 303,430 | 
 404,570 | 
 505,720 | 
 570,000 | 
 570,000 | 
 570,000 | 
 18 | 
 580,000 | 
 55,100 | 
 202,820 | 
 304,230 | 
 405,650 | 
 507,060 | 
 580,000 | 
 580,000 | 
 580,000 | 
 19 | 
 590,000 | 
 56,050 | 
 203,360 | 
 305,040 | 
 406,720 | 
 508,400 | 
 590,000 | 
 590,000 | 
 590,000 | 
 20 | 
 600,000 | 
 57,000 | 
 203,900 | 
 305,850 | 
 407,800 | 
 509,750 | 
 600,000 | 
 600,000 | 
 600,000 | 
 21 | 
 610,000 | 
 57,950 | 
 204,430 | 
 306,650 | 
 408,870 | 
 511,090 | 
 610,000 | 
 610,000 | 
 610,000 | 
 22 | 
 620,000 | 
 58,900 | 
 204,970 | 
 307,460 | 
 409,950 | 
 512,440 | 
 614,920 | 
 620,000 | 
 620,000 | 
 23 | 
 630,000 | 
 59,850 | 
 205,510 | 
 308,270 | 
 411,020 | 
 513,780 | 
 616,540 | 
 630,000 | 
 630,000 | 
 24 | 
 640,000 | 
 60,800 | 
 206,050 | 
 309,070 | 
 412,100 | 
 515,120 | 
 618,150 | 
 640,000 | 
 640,000 | 
 25 | 
 650,000 | 
 61,750 | 
 206,580 | 
 309,880 | 
 413,170 | 
 516,470 | 
 619,760 | 
 650,000 | 
 650,000 | 
 26 | 
 660,000 | 
 62,700 | 
 207,120 | 
 310,680 | 
 414,250 | 
 517,810 | 
 621,370 | 
 660,000 | 
 660,000 | 
 27 | 
 670,000 | 
 63,650 | 
 207,660 | 
 311,490 | 
 415,320 | 
 519,150 | 
 622,990 | 
 670,000 | 
 670,000 | 
 28 | 
 680,000 | 
 64,600 | 
 208,200 | 
 312,300 | 
 416,400 | 
 520,500 | 
 624,600 | 
 680,000 | 
 680,000 | 
 29 | 
 690,000 | 
 65,550 | 
 208,730 | 
 313,100 | 
 417,470 | 
 521,840 | 
 626,210 | 
 690,000 | 
 690,000 | 
 30 | 
 700,000 | 
 66,500 | 
 209,270 | 
 313,910 | 
 418,550 | 
 523,190 | 
 627,820 | 
 700,000 | 
 700,000 | 
 31 | 
 710,000 | 
 67,450 | 
 209,810 | 
 314,720 | 
 419,620 | 
 524,530 | 
 629,440 | 
 710,000 | 
 710,000 | 
 32 | 
 720,000 | 
 68,400 | 
 210,350 | 
 315,520 | 
 420,700 | 
 525,870 | 
 631,050 | 
 720,000 | 
 720,000 | 
 33 | 
 730,000 | 
 69,350 | 
 210,880 | 
 316,330 | 
 421,770 | 
 527,220 | 
 632,660 | 
 730,000 | 
 730,000 | 
 34 | 
 740,000 | 
 70,300 | 
 211,420 | 
 317,130 | 
 422,850 | 
 528,560 | 
 634,270 | 
 739,990 | 
 740,000 | 
 35 | 
 750,000 | 
 71,250 | 
 211,960 | 
 317,940 | 
 423,920 | 
 529,900 | 
 635,890 | 
 741,870 | 
 750,000 | 
 36 | 
 760,000 | 
 72,200 | 
 212,500 | 
 318,750 | 
 425,000 | 
 531,250 | 
 637,500 | 
 743,750 | 
 760,000 | 
 37 | 
 770,000 | 
 73,150 | 
 213,030 | 
 319,550 | 
 426,070 | 
 532,590 | 
 639,110 | 
 745,630 | 
 770,000 | 
 38 | 
 780,000 | 
 74,100 | 
 213,570 | 
 320,360 | 
 427,150 | 
 533,940 | 
 640,720 | 
 747,510 | 
 780,000 | 
 39 | 
 790,000 | 
 75,050 | 
 214,110 | 
 321,170 | 
 428,220 | 
 535,280 | 
 642,340 | 
 749,390 | 
 790,000 | 
 40 | 
 800,000 | 
 76,000 | 
 214,650 | 
 321,970 | 
 429,300 | 
 536,620 | 
 643,950 | 
 751,270 | 
 800,000 | 
 41 | 
 810,000 | 
 76,950 | 
 215,180 | 
 322,780 | 
 430,370 | 
 537,970 | 
 645,560 | 
 753,160 | 
 810,000 | 
 42 | 
 820,000 | 
 77,900 | 
 215,720 | 
 323,580 | 
 431,450 | 
 539,310 | 
 647,170 | 
 755,040 | 
 820,000 | 
 43 | 
 830,000 | 
 78,850 | 
 216,260 | 
 324,390 | 
 432,520 | 
 540,650 | 
 648,790 | 
 756,920 | 
 830,000 | 
 44 | 
 840,000 | 
 79,800 | 
 216,800 | 
 325,200 | 
 433,600 | 
 542,000 | 
 650,400 | 
 758,800 | 
 840,000 | 
 45 | 
 850,000 | 
 80,750 | 
 217,330 | 
 326,000 | 
 434,670 | 
 543,340 | 
 652,010 | 
 760,680 | 
 850,000 | 
 46 | 
 860,000 | 
 81,700 | 
 217,870 | 
 326,810 | 
 435,750 | 
 544,690 | 
 653,620 | 
 762,560 | 
 860,000 | 
 47 | 
 870,000 | 
 82,650 | 
 218,410 | 
 327,620 | 
 436,820 | 
 546,030 | 
 655,240 | 
 764,440 | 
 870,000 | 
 48 | 
 880,000 | 
 83,600 | 
 218,950 | 
 328,420 | 
 437,900 | 
 547,370 | 
 656,850 | 
 766,320 | 
 875,800 | 
 49 | 
 890,000 | 
 84,550 | 
 219,480 | 
 329,230 | 
 438,970 | 
 548,720 | 
 658,460 | 
 768,210 | 
 877,950 | 
 50 | 
 900,000 | 
 85,500 | 
 220,020 | 
 330,030 | 
 440,050 | 
 550,060 | 
 660,070 | 
 770,090 | 
 880,100 | 
 51 | 
 910,000 | 
 86,450 | 
 220,560 | 
 330,840 | 
 441,120 | 
 551,400 | 
 661,690 | 
 771,970 | 
 882,250 | 
 52 | 
 920,000 | 
 87,400 | 
 221,100 | 
 331,650 | 
 442,200 | 
 552,750 | 
 663,300 | 
 773,850 | 
 884,400 | 
 53 | 
 930,000 | 
 88,350 | 
 221,630 | 
 332,450 | 
 443,270 | 
 554,090 | 
 664,910 | 
 775,730 | 
 886,550 | 
 54 | 
 940,000 | 
 89,300 | 
 222,170 | 
 333,260 | 
 444,350 | 
 555,440 | 
 666,520 | 
 777,610 | 
 888,700 | 
 55 | 
 950,000 | 
 90,250 | 
 222,710 | 
 334,070 | 
 445,420 | 
 556,780 | 
 668,140 | 
 779,490 | 
 890,850 | 
 56 | 
 960,000 | 
 91,200 | 
 223,250 | 
 334,870 | 
 446,500 | 
 558,120 | 
 669,750 | 
 781,370 | 
 893,000 | 
 57 | 
 970,000 | 
 92,150 | 
 223,780 | 
 335,680 | 
 447,570 | 
 559,470 | 
 671,360 | 
 783,260 | 
 895,150 | 
 58 | 
 980,000 | 
 93,100 | 
 224,320 | 
 336,480 | 
 448,650 | 
 560,810 | 
 672,970 | 
 785,140 | 
 897,300 | 
 59 | 
 990,000 | 
 94,050 | 
 224,860 | 
 337,290 | 
 449,720 | 
 562,150 | 
 674,590 | 
 787,020 | 
 899,450 | 
 60 | 
 1,000,000 | 
 95,000 | 
 225,400 | 
 338,100 | 
 450,800 | 
 563,500 | 
 676,200 | 
 788,900 | 
 901,600 | 
 61 | 
 1,010,000 | 
 95,950 | 
 225,930 | 
 338,900 | 
 451,870 | 
 564,840 | 
 677,810 | 
 790,780 | 
 903,750 | 
 62 | 
 1,013,000 | 
 96,230 | 
 226,090 | 
 339,140 | 
 452,190 | 
 565,240 | 
 678,290 | 
 791,340 | 
 904,390 | 
 63 | 
 1,020,000 | 
 96,900 | 
 226,470 | 
 339,710 | 
 452,950 | 
 566,190 | 
 679,420 | 
 792,660 | 
 905,900 | 
 64 | 
 1,030,000 | 
 97,850 | 
 227,010 | 
 340,520 | 
 454,020 | 
 567,530 | 
 681,040 | 
 794,540 | 
 908,050 | 
 65 | 
 1,040,000 | 
 98,800 | 
 227,550 | 
 341,320 | 
 455,100 | 
 568,870 | 
 682,650 | 
 796,420 | 
 910,200 | 
 66 | 
 1,050,000 | 
 99,750 | 
 228,080 | 
 342,130 | 
 456,170 | 
 570,220 | 
 684,260 | 
 798,310 | 
 912,350 | 
 67 | 
 1,060,000 | 
 100,700 | 
 228,620 | 
 342,930 | 
 457,250 | 
 571,560 | 
 685,870 | 
 800,190 | 
 914,500 | 
 68 | 
 1,070,000 | 
 101,650 | 
 229,160 | 
 343,740 | 
 458,320 | 
 572,900 | 
 687,490 | 
 802,070 | 
 916,650 | 
 69 | 
 1,080,000 | 
 102,600 | 
 229,700 | 
 344,550 | 
 459,400 | 
 574,250 | 
 689,100 | 
 803,950 | 
 918,800 | 
 70 | 
 1,090,000 | 
 103,550 | 
 230,230 | 
 345,350 | 
 460,470 | 
 575,590 | 
 690,710 | 
 805,830 | 
 920,950 | 
 71 | 
 1,100,000 | 
 104,500 | 
 230,770 | 
 346,160 | 
 461,550 | 
 576,940 | 
 692,320 | 
 807,710 | 
 923,100 | 
 72 | 
 1,110,000 | 
 105,450 | 
 231,310 | 
 346,970 | 
 462,620 | 
 578,280 | 
 693,940 | 
 809,590 | 
 925,250 | 
 73 | 
 1,120,000 | 
 106,400 | 
 231,850 | 
 347,770 | 
 463,700 | 
 579,620 | 
 695,550 | 
 811,470 | 
 927,400 | 
 74 | 
 1,130,000 | 
 107,350 | 
 232,380 | 
 348,580 | 
 464,770 | 
 580,970 | 
 697,160 | 
 813,360 | 
 929,550 | 
 75 | 
 1,140,000 | 
 108,300 | 
 232,920 | 
 349,380 | 
 465,850 | 
 582,310 | 
 698,770 | 
 815,240 | 
 931,700 | 
 76 | 
 1,150,000 | 
 109,250 | 
 233,460 | 
 350,190 | 
 466,920 | 
 583,650 | 
 700,390 | 
 817,120 | 
 933,850 | 
 77 | 
 1,160,000 | 
 110,200 | 
 234,000 | 
 351,000 | 
 468,000 | 
 585,000 | 
 702,000 | 
 819,000 | 
 936,000 | 
 78 | 
 1,170,000 | 
 111,150 | 
 234,530 | 
 351,800 | 
 469,070 | 
 586,340 | 
 703,610 | 
 820,880 | 
 938,150 | 
 79 | 
 1,180,000 | 
 112,100 | 
 235,070 | 
 352,610 | 
 470,150 | 
 587,690 | 
 705,220 | 
 822,760 | 
 940,300 | 
 80 | 
 1,190,000 | 
 113,050 | 
 235,610 | 
 353,420 | 
 471,220 | 
 589,030 | 
 706,840 | 
 824,640 | 
 942,450 | 
 81 | 
 1,200,000 | 
 114,000 | 
 236,150 | 
 354,220 | 
 472,300 | 
 590,370 | 
 708,450 | 
 826,520 | 
 944,600 | 
 82 | 
 1,210,000 | 
 114,950 | 
 236,680 | 
 355,030 | 
 473,370 | 
 591,720 | 
 710,060 | 
 828,410 | 
 946,750 | 
 83 | 
 1,220,000 | 
 115,900 | 
 237,220 | 
 355,830 | 
 474,450 | 
 593,060 | 
 711,670 | 
 830,290 | 
 948,900 | 
 84 | 
 1,230,000 | 
 116,850 | 
 237,760 | 
 356,640 | 
 475,520 | 
 594,400 | 
 713,290 | 
 832,170 | 
 951,050 | 
 85 | 
 1,240,000 | 
 117,800 | 
 238,300 | 
 357,450 | 
 476,600 | 
 595,750 | 
 714,900 | 
 834,050 | 
 953,200 | 
 86 | 
 1,250,000 | 
 118,750 | 
 238,830 | 
 358,250 | 
 477,670 | 
 597,090 | 
 716,510 | 
 835,930 | 
 955,350 | 
 87 | 
 1,260,000 | 
 119,700 | 
 239,370 | 
 359,060 | 
 478,750 | 
 598,440 | 
 718,120 | 
 837,810 | 
 957,500 | 
 88 | 
 1,270,000 | 
 120,650 | 
 239,910 | 
 359,870 | 
 479,820 | 
 599,780 | 
 719,740 | 
 839,690 | 
 959,650 | 
 89 | 
 1,280,000 | 
 121,600 | 
 240,450 | 
 360,670 | 
 480,900 | 
 601,120 | 
 721,350 | 
 841,570 | 
 961,800 | 
 90 | 
 1,290,000 | 
 122,550 | 
 240,980 | 
 361,480 | 
 481,970 | 
 602,470 | 
 722,960 | 
 843,460 | 
 963,950 | 
 91 | 
 1,300,000 | 
 123,500 | 
 241,520 | 
 362,280 | 
 483,050 | 
 603,810 | 
 724,570 | 
 845,340 | 
 966,100 | 
 92 | 
 1,310,000 | 
 124,450 | 
 242,060 | 
 363,090 | 
 484,120 | 
 605,150 | 
 726,190 | 
 847,220 | 
 968,250 | 
 93 | 
 1,320,000 | 
 125,400 | 
 242,600 | 
 363,900 | 
 485,200 | 
 606,500 | 
 727,800 | 
 849,100 | 
 970,400 | 
 94 | 
 1,330,000 | 
 126,350 | 
 243,130 | 
 364,700 | 
 486,270 | 
 607,840 | 
 729,410 | 
 850,980 | 
 972,550 | 
 95 | 
 1,340,000 | 
 127,300 | 
 243,670 | 
 365,510 | 
 487,350 | 
 609,190 | 
 731,020 | 
 852,860 | 
 974,700 | 
 96 | 
 1,350,000 | 
 128,250 | 
 244,210 | 
 366,320 | 
 488,420 | 
 610,530 | 
 732,640 | 
 854,740 | 
 976,850 | 
 97 | 
 1,360,000 | 
 129,200 | 
 244,750 | 
 367,120 | 
 489,500 | 
 611,870 | 
 734,250 | 
 856,620 | 
 979,000 | 
 98 | 
 1,370,000 | 
 130,150 | 
 245,280 | 
 367,930 | 
 490,570 | 
 613,220 | 
 735,860 | 
 858,510 | 
 981,150 | 
 99 | 
 1,380,000 | 
 131,100 | 
 245,820 | 
 368,730 | 
 491,650 | 
 614,560 | 
 737,470 | 
 860,390 | 
 983,300 | 
 100 | 
 1,390,000 | 
 132,050 | 
 246,360 | 
 369,540 | 
 492,720 | 
 615,900 | 
 739,090 | 
 862,270 | 
 985,450 | 
 101 | 
 1,400,000 | 
 133,000 | 
 246,900 | 
 370,350 | 
 493,800 | 
 617,250 | 
 740,700 | 
 864,150 | 
 987,600 | 
 102 | 
 1,410,000 | 
 133,950 | 
 247,430 | 
 371,150 | 
 494,870 | 
 618,590 | 
 742,310 | 
 866,030 | 
 989,750 | 
 103 | 
 1,420,000 | 
 134,900 | 
 247,970 | 
 371,960 | 
 495,950 | 
 619,940 | 
 743,920 | 
 867,910 | 
 991,900 | 
 104 | 
 1,430,000 | 
 135,850 | 
 248,510 | 
 372,770 | 
 497,020 | 
 621,280 | 
 745,540 | 
 869,790 | 
 994,050 | 
 105 | 
 1,440,000 | 
 136,800 | 
 249,050 | 
 373,570 | 
 498,100 | 
 622,620 | 
 747,150 | 
 871,670 | 
 996,200 | 
 106 | 
 1,450,000 | 
 137,750 | 
 249,580 | 
 374,380 | 
 499,170 | 
 623,970 | 
 748,760 | 
 873,560 | 
 998,350 | 
 107 | 
 1,460,000 | 
 138,700 | 
 250,120 | 
 375,180 | 
 500,250 | 
 625,310 | 
 750,370 | 
 875,440 | 
 1,000,500 | 
 108 | 
 1,470,000 | 
 139,650 | 
 250,660 | 
 375,990 | 
 501,320 | 
 626,650 | 
 751,990 | 
 877,320 | 
 1,002,650 | 
 109 | 
 1,480,000 | 
 140,600 | 
 251,200 | 
 376,800 | 
 502,400 | 
 628,000 | 
 753,600 | 
 879,200 | 
 1,004,800 | 
 110 | 
 1,490,000 | 
 141,550 | 
 251,730 | 
 377,600 | 
 503,470 | 
 629,340 | 
 755,210 | 
 881,080 | 
 1,006,950 | 
 111 | 
 1,500,000 | 
 142,500 | 
 252,270 | 
 378,410 | 
 504,550 | 
 630,690 | 
 756,820 | 
 882,960 | 
 1,009,100 | 
 112 | 
 1,510,000 | 
 143,450 | 
 252,810 | 
 379,220 | 
 505,620 | 
 632,030 | 
 758,440 | 
 884,840 | 
 1,011,250 | 
 113 | 
 1,520,000 | 
 144,400 | 
 253,350 | 
 380,020 | 
 506,700 | 
 633,370 | 
 760,050 | 
 886,720 | 
 1,013,400 | 
 114 | 
 1,530,000 | 
 145,350 | 
 253,880 | 
 380,830 | 
 507,770 | 
 634,720 | 
 761,660 | 
 888,610 | 
 1,015,550 | 
 115 | 
 1,540,000 | 
 146,300 | 
 254,420 | 
 381,630 | 
 508,850 | 
 636,060 | 
 763,270 | 
 890,490 | 
 1,017,700 | 
 116 | 
 1,550,000 | 
 147,250 | 
 254,960 | 
 382,440 | 
 509,920 | 
 637,400 | 
 764,890 | 
 892,370 | 
 1,019,850 | 
 117 | 
 1,560,000 | 
 148,200 | 
 255,500 | 
 383,250 | 
 511,000 | 
 638,750 | 
 766,500 | 
 894,250 | 
 1,022,000 | 
 118 | 
 1,570,000 | 
 149,150 | 
 256,030 | 
 384,050 | 
 512,070 | 
 640,090 | 
 768,110 | 
 896,130 | 
 1,024,150 | 
 119 | 
 1,580,000 | 
 150,100 | 
 256,570 | 
 384,860 | 
 513,150 | 
 641,440 | 
 769,720 | 
 898,010 | 
 1,026,300 | 
 120 | 
 1,590,000 | 
 151,050 | 
 257,110 | 
 385,670 | 
 514,220 | 
 642,780 | 
 771,340 | 
 899,890 | 
 1,028,450 | 
 121 | 
 1,600,000 | 
 152,000 | 
 257,650 | 
 386,470 | 
 515,300 | 
 644,120 | 
 772,950 | 
 901,770 | 
 1,030,600 | 
 122 | 
 1,610,000 | 
 152,950 | 
 258,180 | 
 387,280 | 
 516,370 | 
 645,470 | 
 774,560 | 
 903,660 | 
 1,032,750 | 
 123 | 
 1,620,000 | 
 153,900 | 
 258,720 | 
 388,080 | 
 517,450 | 
 646,810 | 
 776,170 | 
 905,540 | 
 1,034,900 | 
 124 | 
 1,630,000 | 
 154,850 | 
 259,260 | 
 388,890 | 
 518,520 | 
 648,150 | 
 777,790 | 
 907,420 | 
 1,037,050 | 
 125 | 
 1,640,000 | 
 155,800 | 
 259,800 | 
 389,700 | 
 519,600 | 
 649,500 | 
 779,400 | 
 909,300 | 
 1,039,200 | 
 126 | 
 1,650,000 | 
 156,750 | 
 260,330 | 
 390,500 | 
 520,670 | 
 650,840 | 
 781,010 | 
 911,180 | 
 1,041,350 | 
 127 | 
 1,660,000 | 
 157,700 | 
 260,870 | 
 391,310 | 
 521,750 | 
 652,190 | 
 782,620 | 
 913,060 | 
 1,043,500 | 
 128 | 
 1,670,000 | 
 158,650 | 
 261,410 | 
 392,120 | 
 522,820 | 
 653,530 | 
 784,240 | 
 914,940 | 
 1,045,650 | 
 129 | 
 1,680,000 | 
 159,600 | 
 261,950 | 
 392,920 | 
 523,900 | 
 654,870 | 
 785,850 | 
 916,820 | 
 1,047,800 | 
 130 | 
 1,690,000 | 
 160,550 | 
 262,480 | 
 393,730 | 
 524,970 | 
 656,220 | 
 787,460 | 
 918,710 | 
 1,049,950 | 
 131 | 
 1,700,000 | 
 161,500 | 
 263,020 | 
 394,530 | 
 526,050 | 
 657,560 | 
 789,070 | 
 920,590 | 
 1,052,100 | 
 132 | 
 1,710,000 | 
 162,450 | 
 263,560 | 
 395,340 | 
 527,120 | 
 658,900 | 
 790,690 | 
 922,470 | 
 1,054,250 | 
 133 | 
 1,720,000 | 
 163,400 | 
 264,100 | 
 396,150 | 
 528,200 | 
 660,250 | 
 792,300 | 
 924,350 | 
 1,056,400 | 
 134 | 
 1,730,000 | 
 164,350 | 
 264,630 | 
 396,950 | 
 529,270 | 
 661,590 | 
 793,910 | 
 926,230 | 
 1,058,550 | 
 135 | 
 1,740,000 | 
 165,300 | 
 265,170 | 
 397,760 | 
 530,350 | 
 662,940 | 
 795,520 | 
 928,110 | 
 1,060,700 | 
 136 | 
 1,750,000 | 
 166,250 | 
 265,710 | 
 398,570 | 
 531,420 | 
 664,280 | 
 797,140 | 
 929,990 | 
 1,062,850 | 
 137 | 
 1,760,000 | 
 167,200 | 
 266,250 | 
 399,370 | 
 532,500 | 
 665,620 | 
 798,750 | 
 931,870 | 
 1,065,000 | 
 138 | 
 1,770,000 | 
 168,150 | 
 266,780 | 
 400,180 | 
 533,570 | 
 666,970 | 
 800,360 | 
 933,760 | 
 1,067,150 | 
 139 | 
 1,780,000 | 
 169,100 | 
 267,320 | 
 400,980 | 
 534,650 | 
 668,310 | 
 801,970 | 
 935,640 | 
 1,069,300 | 
 140 | 
 1,790,000 | 
 170,050 | 
 267,860 | 
 401,790 | 
 535,720 | 
 669,650 | 
 803,590 | 
 937,520 | 
 1,071,450 | 
 141 | 
 1,800,000 | 
 171,000 | 
 268,400 | 
 402,600 | 
 536,800 | 
 671,000 | 
 805,200 | 
 939,400 | 
 1,073,600 | 
 142 | 
 1,810,000 | 
 171,950 | 
 268,930 | 
 403,400 | 
 537,870 | 
 672,340 | 
 806,810 | 
 941,280 | 
 1,075,750 | 
 143 | 
 1,820,000 | 
 172,900 | 
 269,470 | 
 404,210 | 
 538,950 | 
 673,690 | 
 808,420 | 
 943,160 | 
 1,077,900 | 
 144 | 
 1,830,000 | 
 173,850 | 
 270,010 | 
 405,020 | 
 540,020 | 
 675,030 | 
 810,040 | 
 945,040 | 
 1,080,050 | 
 145 | 
 1,840,000 | 
 174,800 | 
 270,550 | 
 405,820 | 
 541,100 | 
 676,370 | 
 811,650 | 
 946,920 | 
 1,082,200 | 
 146 | 
 1,850,000 | 
 175,750 | 
 271,080 | 
 406,630 | 
 542,170 | 
 677,720 | 
 813,260 | 
 948,810 | 
 1,084,350 | 
 147 | 
 1,860,000 | 
 176,700 | 
 271,620 | 
 407,430 | 
 543,250 | 
 679,060 | 
 814,870 | 
 950,690 | 
 1,086,500 | 
 148 | 
 1,870,000 | 
 177,650 | 
 272,160 | 
 408,240 | 
 544,320 | 
 680,400 | 
 816,490 | 
 952,570 | 
 1,088,650 | 
 149 | 
 1,880,000 | 
 178,600 | 
 272,700 | 
 409,050 | 
 545,400 | 
 681,750 | 
 818,100 | 
 954,450 | 
 1,090,800 | 
 150 | 
 1,890,000 | 
 179,550 | 
 273,230 | 
 409,850 | 
 546,470 | 
 683,090 | 
 819,710 | 
 956,330 | 
 1,092,950 | 
 151 | 
 1,900,000 | 
 180,500 | 
 273,770 | 
 410,660 | 
 547,550 | 
 684,440 | 
 821,320 | 
 958,210 | 
 1,095,100 | 
 152 | 
 1,910,000 | 
 181,450 | 
 274,310 | 
 411,470 | 
 548,620 | 
 685,780 | 
 822,940 | 
 960,090 | 
 1,097,250 | 
 153 | 
 1,920,000 | 
 182,400 | 
 274,850 | 
 412,270 | 
 549,700 | 
 687,120 | 
 824,550 | 
 961,970 | 
 1,099,400 | 
 154 | 
 1,930,000 | 
 183,350 | 
 275,380 | 
 413,080 | 
 550,770 | 
 688,470 | 
 826,160 | 
 963,860 | 
 1,101,550 | 
 155 | 
 1,940,000 | 
 184,300 | 
 275,920 | 
 413,880 | 
 551,850 | 
 689,810 | 
 827,770 | 
 965,740 | 
 1,103,700 | 
 156 | 
 1,950,000 | 
 185,250 | 
 276,460 | 
 414,690 | 
 552,920 | 
 691,150 | 
 829,390 | 
 967,620 | 
 1,105,850 | 
 157 | 
 1,960,000 | 
 186,200 | 
 277,000 | 
 415,500 | 
 554,000 | 
 692,500 | 
 831,000 | 
 969,500 | 
 1,108,000 | 
 158 | 
 1,970,000 | 
 187,150 | 
 277,530 | 
 416,300 | 
 555,070 | 
 693,840 | 
 832,610 | 
 971,380 | 
 1,110,150 | 
 159 | 
 1,980,000 | 
 188,100 | 
 278,070 | 
 417,110 | 
 556,150 | 
 695,190 | 
 834,220 | 
 973,260 | 
 1,112,300 | 
 160 | 
 1,990,000 | 
 189,050 | 
 278,610 | 
 417,920 | 
 557,220 | 
 696,530 | 
 835,840 | 
 975,140 | 
 1,114,450 | 
 161 | 
 2,000,000 | 
 190,000 | 
 279,150 | 
 418,720 | 
 558,300 | 
 697,870 | 
 837,450 | 
 977,020 | 
 1,116,600 | 
 162 | 
 2,010,000 | 
 190,950 | 
 279,680 | 
 419,530 | 
 559,370 | 
 699,220 | 
 839,060 | 
 978,910 | 
 1,118,750 | 
 163 | 
 2,020,000 | 
 191,900 | 
 280,220 | 
 420,330 | 
 560,450 | 
 700,560 | 
 840,670 | 
 980,790 | 
 1,120,900 | 
 164 | 
 2,030,000 | 
 192,850 | 
 280,760 | 
 421,140 | 
 561,520 | 
 701,900 | 
 842,290 | 
 982,670 | 
 1,123,050 | 
 165 | 
 2,040,000 | 
 193,800 | 
 281,300 | 
 421,950 | 
 562,600 | 
 703,250 | 
 843,900 | 
 984,550 | 
 1,125,200 | 
 166 | 
 2,050,000 | 
 194,750 | 
 281,830 | 
 422,750 | 
 563,670 | 
 704,590 | 
 845,510 | 
 986,430 | 
 1,127,350 | 
 167 | 
 2,060,000 | 
 195,700 | 
 282,370 | 
 423,560 | 
 564,750 | 
 705,940 | 
 847,120 | 
 988,310 | 
 1,129,500 | 
 168 | 
 2,070,000 | 
 196,650 | 
 282,910 | 
 424,370 | 
 565,820 | 
 707,280 | 
 848,740 | 
 990,190 | 
 1,131,650 | 
 169 | 
 2,080,000 | 
 197,600 | 
 283,450 | 
 425,170 | 
 566,900 | 
 708,620 | 
 850,350 | 
 992,070 | 
 1,133,800 | 
 170 | 
 2,090,000 | 
 198,550 | 
 283,980 | 
 425,980 | 
 567,970 | 
 709,970 | 
 851,960 | 
 993,960 | 
 1,135,950 | 
 171 | 
 2,100,000 | 
 199,500 | 
 284,520 | 
 426,780 | 
 569,050 | 
 711,310 | 
 853,570 | 
 995,840 | 
 1,138,100 | 
 172 | 
 2,110,000 | 
 200,450 | 
 285,060 | 
 427,590 | 
 570,120 | 
 712,650 | 
 855,190 | 
 997,720 | 
 1,140,250 | 
 173 | 
 2,120,000 | 
 201,400 | 
 285,600 | 
 428,400 | 
 571,200 | 
 714,000 | 
 856,800 | 
 999,600 | 
 1,142,400 | 
 174 | 
 2,130,000 | 
 202,350 | 
 286,130 | 
 429,200 | 
 572,270 | 
 715,340 | 
 858,410 | 
 1,001,480 | 
 1,144,550 | 
 175 | 
 2,140,000 | 
 203,300 | 
 286,670 | 
 430,010 | 
 573,350 | 
 716,690 | 
 860,020 | 
 1,003,360 | 
 1,146,700 | 
 176 | 
 2,150,000 | 
 204,250 | 
 287,210 | 
 430,820 | 
 574,420 | 
 718,030 | 
 861,640 | 
 1,005,240 | 
 1,148,850 | 
 177 | 
 2,160,000 | 
 205,200 | 
 287,750 | 
 431,620 | 
 575,500 | 
 719,370 | 
 863,250 | 
 1,007,120 | 
 1,151,000 | 
 178 | 
 2,170,000 | 
 206,150 | 
 288,280 | 
 432,430 | 
 576,570 | 
 720,720 | 
 864,860 | 
 1,009,010 | 
 1,153,150 | 
 179 | 
 2,180,000 | 
 207,100 | 
 288,820 | 
 433,230 | 
 577,650 | 
 722,060 | 
 866,470 | 
 1,010,890 | 
 1,155,300 | 
 180 | 
 2,190,000 | 
 208,050 | 
 289,360 | 
 434,040 | 
 578,720 | 
 723,400 | 
 868,090 | 
 1,012,770 | 
 1,157,450 | 
 181 | 
 2,200,000 | 
 209,000 | 
 289,900 | 
 434,850 | 
 579,800 | 
 724,750 | 
 869,700 | 
 1,014,650 | 
 1,159,600 | 
 182 | 
 2,210,000 | 
 209,950 | 
 290,430 | 
 435,650 | 
 580,870 | 
 726,090 | 
 871,310 | 
 1,016,530 | 
 1,161,750 | 
 183 | 
 2,220,000 | 
 210,900 | 
 290,970 | 
 436,460 | 
 581,950 | 
 727,440 | 
 872,920 | 
 1,018,410 | 
 1,163,900 | 
 184 | 
 2,230,000 | 
 211,850 | 
 291,510 | 
 437,270 | 
 583,020 | 
 728,780 | 
 874,540 | 
 1,020,290 | 
 1,166,050 | 
 185 | 
 2,240,000 | 
 212,800 | 
 292,050 | 
 438,070 | 
 584,100 | 
 730,120 | 
 876,150 | 
 1,022,170 | 
 1,168,200 | 
 186 | 
 2,250,000 | 
 213,750 | 
 292,580 | 
 438,880 | 
 585,170 | 
 731,470 | 
 877,760 | 
 1,024,060 | 
 1,170,350 | 
 187 | 
 2,260,000 | 
 214,700 | 
 293,120 | 
 439,680 | 
 586,250 | 
 732,810 | 
 879,370 | 
 1,025,940 | 
 1,172,500 | 
 188 | 
 2,270,000 | 
 215,650 | 
 293,660 | 
 440,490 | 
 587,320 | 
 734,150 | 
 880,990 | 
 1,027,820 | 
 1,174,650 | 
 189 | 
 2,280,000 | 
 216,600 | 
 294,200 | 
 441,300 | 
 588,400 | 
 735,500 | 
 882,600 | 
 1,029,700 | 
 1,176,800 | 
 190 | 
 2,290,000 | 
 217,550 | 
 294,730 | 
 442,100 | 
 589,470 | 
 736,840 | 
 884,210 | 
 1,031,580 | 
 1,178,950 | 
 191 | 
 2,300,000 | 
 218,500 | 
 295,270 | 
 442,910 | 
 590,550 | 
 738,190 | 
 885,820 | 
 1,033,460 | 
 1,181,100 | 
 192 | 
 2,310,000 | 
 219,450 | 
 295,810 | 
 443,720 | 
 591,620 | 
 739,530 | 
 887,440 | 
 1,035,340 | 
 1,183,250 | 
 193 | 
 2,320,000 | 
 220,400 | 
 296,350 | 
 444,520 | 
 592,700 | 
 740,870 | 
 889,050 | 
 1,037,220 | 
 1,185,400 | 
 194 | 
 2,330,000 | 
 221,350 | 
 296,880 | 
 445,330 | 
 593,770 | 
 742,220 | 
 890,660 | 
 1,039,110 | 
 1,187,550 | 
 195 | 
 2,340,000 | 
 222,300 | 
 297,420 | 
 446,130 | 
 594,850 | 
 743,560 | 
 892,270 | 
 1,040,990 | 
 1,189,700 | 
 196 | 
 2,350,000 | 
 223,250 | 
 297,960 | 
 446,940 | 
 595,920 | 
 744,900 | 
 893,890 | 
 1,042,870 | 
 1,191,850 | 
 197 | 
 2,360,000 | 
 224,200 | 
 298,500 | 
 447,750 | 
 597,000 | 
 746,250 | 
 895,500 | 
 1,044,750 | 
 1,194,000 | 
 198 | 
 2,370,000 | 
 225,150 | 
 299,030 | 
 448,550 | 
 598,070 | 
 747,590 | 
 897,110 | 
 1,046,630 | 
 1,196,150 | 
 199 | 
 2,380,000 | 
 226,100 | 
 299,570 | 
 449,360 | 
 599,150 | 
 748,940 | 
 898,720 | 
 1,048,510 | 
 1,198,300 | 
 200 | 
 2,390,000 | 
 227,050 | 
 300,110 | 
 450,170 | 
 600,220 | 
 750,280 | 
 900,340 | 
 1,050,390 | 
 1,200,450 | 
 201 | 
 2,400,000 | 
 228,000 | 
 300,650 | 
 450,970 | 
 601,300 | 
 751,620 | 
 901,950 | 
 1,052,270 | 
 1,202,600 | 
 202 | 
 2,410,000 | 
 228,950 | 
 301,180 | 
 451,780 | 
 602,370 | 
 752,970 | 
 903,560 | 
 1,054,160 | 
 1,204,750 | 
 203 | 
 2,420,000 | 
 229,900 | 
 301,720 | 
 452,580 | 
 603,450 | 
 754,310 | 
 905,170 | 
 1,056,040 | 
 1,206,900 | 
 204 | 
 2,430,000 | 
 230,850 | 
 302,260 | 
 453,390 | 
 604,520 | 
 755,650 | 
 906,790 | 
 1,057,920 | 
 1,209,050 | 
 205 | 
 2,440,000 | 
 231,800 | 
 302,800 | 
 454,200 | 
 605,600 | 
 757,000 | 
 908,400 | 
 1,059,800 | 
 1,211,200 | 
 206 | 
 2,450,000 | 
 232,750 | 
 303,330 | 
 455,000 | 
 606,670 | 
 758,340 | 
 910,010 | 
 1,061,680 | 
 1,213,350 | 
 207 | 
 2,460,000 | 
 233,700 | 
 303,870 | 
 455,810 | 
 607,750 | 
 759,690 | 
 911,620 | 
 1,063,560 | 
 1,215,500 | 
 208 | 
 2,470,000 | 
 234,650 | 
 304,410 | 
 456,620 | 
 608,820 | 
 761,030 | 
 913,240 | 
 1,065,440 | 
 1,217,650 | 
 209 | 
 2,480,000 | 
 235,600 | 
 304,950 | 
 457,420 | 
 609,900 | 
 762,370 | 
 914,850 | 
 1,067,320 | 
 1,219,800 | 
 210 | 
 2,490,000 | 
 236,550 | 
 305,480 | 
 458,230 | 
 610,970 | 
 763,720 | 
 916,460 | 
 1,069,210 | 
 1,221,950 | 
 211 | 
 2,500,000 | 
 237,500 | 
 306,020 | 
 459,030 | 
 612,050 | 
 765,060 | 
 918,070 | 
 1,071,090 | 
 1,224,100 | 
 212 | 
 2,510,000 | 
 238,450 | 
 306,560 | 
 459,840 | 
 613,120 | 
 766,400 | 
 919,690 | 
 1,072,970 | 
 1,226,250 | 
 213 | 
 2,520,000 | 
 239,400 | 
 307,100 | 
 460,650 | 
 614,200 | 
 767,750 | 
 921,300 | 
 1,074,850 | 
 1,228,400 | 
 214 | 
 2,530,000 | 
 240,350 | 
 307,630 | 
 461,450 | 
 615,270 | 
 769,090 | 
 922,910 | 
 1,076,730 | 
 1,230,550 | 
 215 | 
 2,540,000 | 
 241,300 | 
 308,170 | 
 462,260 | 
 616,350 | 
 770,440 | 
 924,520 | 
 1,078,610 | 
 1,232,700 | 
 216 | 
 2,550,000 | 
 242,250 | 
 308,710 | 
 463,070 | 
 617,420 | 
 771,780 | 
 926,140 | 
 1,080,490 | 
 1,234,850 | 
 217 | 
 2,560,000 | 
 243,200 | 
 309,250 | 
 463,870 | 
 618,500 | 
 773,120 | 
 927,750 | 
 1,082,370 | 
 1,237,000 | 
 218 | 
 2,570,000 | 
 244,150 | 
 309,780 | 
 464,680 | 
 619,570 | 
 774,470 | 
 929,360 | 
 1,084,260 | 
 1,239,150 | 
 219 | 
 2,580,000 | 
 245,100 | 
 310,320 | 
 465,480 | 
 620,650 | 
 775,810 | 
 930,970 | 
 1,086,140 | 
 1,241,300 | 
 220 | 
 2,590,000 | 
 246,050 | 
 310,860 | 
 466,290 | 
 621,720 | 
 777,150 | 
 932,590 | 
 1,088,020 | 
 1,243,450 | 
 221 | 
 2,600,000 | 
 247,000 | 
 311,400 | 
 467,100 | 
 622,800 | 
 778,500 | 
 934,200 | 
 1,089,900 | 
 1,245,600 | 
 222 | 
 2,610,000 | 
 247,950 | 
 311,930 | 
 467,900 | 
 623,870 | 
 779,840 | 
 935,810 | 
 1,091,780 | 
 1,247,750 | 
 223 | 
 2,620,000 | 
 248,900 | 
 312,470 | 
 468,710 | 
 624,950 | 
 781,190 | 
 937,420 | 
 1,093,660 | 
 1,249,900 | 
 224 | 
 2,630,000 | 
 249,850 | 
 313,010 | 
 469,520 | 
 626,020 | 
 782,530 | 
 939,040 | 
 1,095,540 | 
 1,252,050 | 
 225 | 
 2,640,000 | 
 250,800 | 
 313,550 | 
 470,320 | 
 627,100 | 
 783,870 | 
 940,650 | 
 1,097,420 | 
 1,254,200 | 
 226 | 
 2,650,000 | 
 251,750 | 
 314,080 | 
 471,130 | 
 628,170 | 
 785,220 | 
 942,260 | 
 1,099,310 | 
 1,256,350 | 
 227 | 
 2,660,000 | 
 252,700 | 
 314,620 | 
 471,930 | 
 629,250 | 
 786,560 | 
 943,870 | 
 1,101,190 | 
 1,258,500 | 
 228 | 
 2,670,000 | 
 253,650 | 
 315,160 | 
 472,740 | 
 630,320 | 
 787,900 | 
 945,490 | 
 1,103,070 | 
 1,260,650 | 
 229 | 
 2,680,000 | 
 254,600 | 
 315,700 | 
 473,550 | 
 631,400 | 
 789,250 | 
 947,100 | 
 1,104,950 | 
 1,262,800 | 
 230 | 
 2,690,000 | 
 255,550 | 
 316,230 | 
 474,350 | 
 632,470 | 
 790,590 | 
 948,710 | 
 1,106,830 | 
 1,264,950 | 
 231 | 
 2,700,000 | 
 256,500 | 
 316,770 | 
 475,160 | 
 633,550 | 
 791,940 | 
 950,320 | 
 1,108,710 | 
 1,267,100 | 
 232 | 
 2,710,000 | 
 257,450 | 
 317,310 | 
 475,970 | 
 634,620 | 
 793,280 | 
 951,940 | 
 1,110,590 | 
 1,269,250 | 
 233 | 
 2,720,000 | 
 258,400 | 
 317,850 | 
 476,770 | 
 635,700 | 
 794,620 | 
 953,550 | 
 1,112,470 | 
 1,271,400 | 
 234 | 
 2,730,000 | 
 259,350 | 
 318,380 | 
 477,580 | 
 636,770 | 
 795,970 | 
 955,160 | 
 1,114,360 | 
 1,273,550 | 
 235 | 
 2,740,000 | 
 260,300 | 
 318,920 | 
 478,380 | 
 637,850 | 
 797,310 | 
 956,770 | 
 1,116,240 | 
 1,275,700 | 
 236 | 
 2,750,000 | 
 261,250 | 
 319,460 | 
 479,190 | 
 638,920 | 
 798,650 | 
 958,390 | 
 1,118,120 | 
 1,277,850 | 
 237 | 
 2,760,000 | 
 262,200 | 
 320,000 | 
 480,000 | 
 640,000 | 
 800,000 | 
 960,000 | 
 1,120,000 | 
 1,280,000 | 
 238 | 
 2,770,000 | 
 263,150 | 
 320,530 | 
 480,800 | 
 641,070 | 
 801,340 | 
 961,610 | 
 1,121,880 | 
 1,282,150 | 
 239 | 
 2,780,000 | 
 264,100 | 
 321,070 | 
 481,610 | 
 642,150 | 
 802,690 | 
 963,220 | 
 1,123,760 | 
 1,284,300 | 
 240 | 
 2,790,000 | 
 265,050 | 
 321,610 | 
 482,420 | 
 643,220 | 
 804,030 | 
 964,840 | 
 1,125,640 | 
 1,286,450 | 
 241 | 
 2,800,000 | 
 266,000 | 
 322,150 | 
 483,220 | 
 644,300 | 
 805,370 | 
 966,450 | 
 1,127,520 | 
 1,288,600 | 
 242 | 
 2,810,000 | 
 266,950 | 
 322,680 | 
 484,030 | 
 645,370 | 
 806,720 | 
 968,060 | 
 1,129,410 | 
 1,290,750 | 
 243 | 
 2,820,000 | 
 267,900 | 
 323,220 | 
 484,830 | 
 646,450 | 
 808,060 | 
 969,670 | 
 1,131,290 | 
 1,292,900 | 
 244 | 
 2,830,000 | 
 268,850 | 
 323,760 | 
 485,640 | 
 647,520 | 
 809,400 | 
 971,290 | 
 1,133,170 | 
 1,295,050 | 
 245 | 
 2,840,000 | 
 269,800 | 
 324,300 | 
 486,450 | 
 648,600 | 
 810,750 | 
 972,900 | 
 1,135,050 | 
 1,297,200 | 
 246 | 
 2,850,000 | 
 270,750 | 
 324,830 | 
 487,250 | 
 649,670 | 
 812,090 | 
 974,510 | 
 1,136,930 | 
 1,299,350 | 
 247 | 
 2,860,000 | 
 271,700 | 
 325,370 | 
 488,060 | 
 650,750 | 
 813,440 | 
 976,120 | 
 1,138,810 | 
 1,301,500 | 
 248 | 
 2,870,000 | 
 272,650 | 
 325,910 | 
 488,870 | 
 651,820 | 
 814,780 | 
 977,740 | 
 1,140,690 | 
 1,303,650 | 
 249 | 
 2,880,000 | 
 273,600 | 
 326,450 | 
 489,670 | 
 652,900 | 
 816,120 | 
 979,350 | 
 1,142,570 | 
 1,305,800 | 
 250 | 
 2,890,000 | 
 274,550 | 
 326,980 | 
 490,480 | 
 653,970 | 
 817,470 | 
 980,960 | 
 1,144,460 | 
 1,307,950 | 
 251 | 
 2,900,000 | 
 275,500 | 
 327,520 | 
 491,280 | 
 655,050 | 
 818,810 | 
 982,570 | 
 1,146,340 | 
 1,310,100 | 
 252 | 
 2,910,000 | 
 276,450 | 
 328,060 | 
 492,090 | 
 656,120 | 
 820,150 | 
 984,190 | 
 1,148,220 | 
 1,312,250 | 
 253 | 
 2,920,000 | 
 277,400 | 
 328,600 | 
 492,900 | 
 657,200 | 
 821,500 | 
 985,800 | 
 1,150,100 | 
 1,314,400 | 
 254 | 
 2,930,000 | 
 278,350 | 
 329,130 | 
 493,700 | 
 658,270 | 
 822,840 | 
 987,410 | 
 1,151,980 | 
 1,316,550 | 
 255 | 
 2,940,000 | 
 279,300 | 
 329,670 | 
 494,510 | 
 659,350 | 
 824,190 | 
 989,020 | 
 1,153,860 | 
 1,318,700 | 
 256 | 
 2,950,000 | 
 280,250 | 
 330,210 | 
 495,320 | 
 660,420 | 
 825,530 | 
 990,640 | 
 1,155,740 | 
 1,320,850 | 
 257 | 
 2,960,000 | 
 281,200 | 
 330,750 | 
 496,120 | 
 661,500 | 
 826,870 | 
 992,250 | 
 1,157,620 | 
 1,323,000 | 
 258 | 
 2,970,000 | 
 282,150 | 
 331,280 | 
 496,930 | 
 662,570 | 
 828,220 | 
 993,860 | 
 1,159,510 | 
 1,325,150 | 
 259 | 
 2,980,000 | 
 283,100 | 
 331,820 | 
 497,730 | 
 663,650 | 
 829,560 | 
 995,470 | 
 1,161,390 | 
 1,327,300 | 
 260 | 
 2,990,000 | 
 284,050 | 
 332,360 | 
 498,540 | 
 664,720 | 
 830,900 | 
 997,090 | 
 1,163,270 | 
 1,329,450 | 
 261 | 
 3,000,000 | 
 285,000 | 
 332,900 | 
 499,350 | 
 665,800 | 
 832,250 | 
 998,700 | 
 1,165,150 | 
 1,331,600 | 
 262 | 
 3,010,000 | 
 285,950 | 
 333,430 | 
 500,150 | 
 666,870 | 
 833,590 | 
 1,000,310 | 
 1,167,030 | 
 1,333,750 | 
 263 | 
 3,020,000 | 
 286,900 | 
 333,970 | 
 500,960 | 
 667,950 | 
 834,940 | 
 1,001,920 | 
 1,168,910 | 
 1,335,900 | 
 264 | 
 3,030,000 | 
 287,850 | 
 334,510 | 
 501,770 | 
 669,020 | 
 836,280 | 
 1,003,540 | 
 1,170,790 | 
 1,338,050 | 
 265 | 
 3,040,000 | 
 288,800 | 
 335,050 | 
 502,570 | 
 670,100 | 
 837,620 | 
 1,005,150 | 
 1,172,670 | 
 1,340,200 | 
 266 | 
 3,050,000 | 
 289,750 | 
 335,580 | 
 503,380 | 
 671,170 | 
 838,970 | 
 1,006,760 | 
 1,174,560 | 
 1,342,350 | 
 267 | 
 3,060,000 | 
 290,700 | 
 336,120 | 
 504,180 | 
 672,250 | 
 840,310 | 
 1,008,370 | 
 1,176,440 | 
 1,344,500 | 
 268 | 
 3,070,000 | 
 291,650 | 
 336,660 | 
 504,990 | 
 673,320 | 
 841,650 | 
 1,009,990 | 
 1,178,320 | 
 1,346,650 | 
 269 | 
 3,080,000 | 
 292,600 | 
 337,200 | 
 505,800 | 
 674,400 | 
 843,000 | 
 1,011,600 | 
 1,180,200 | 
 1,348,800 | 
 270 | 
 3,090,000 | 
 293,550 | 
 337,730 | 
 506,600 | 
 675,470 | 
 844,340 | 
 1,013,210 | 
 1,182,080 | 
 1,350,950 | 
 271 | 
 3,100,000 | 
 294,500 | 
 338,270 | 
 507,410 | 
 676,550 | 
 845,690 | 
 1,014,820 | 
 1,183,960 | 
 1,353,100 | 
 272 | 
 3,110,000 | 
 295,450 | 
 338,810 | 
 508,220 | 
 677,620 | 
 847,030 | 
 1,016,440 | 
 1,185,840 | 
 1,355,250 | 
 273 | 
 3,120,000 | 
 296,400 | 
 339,350 | 
 509,020 | 
 678,700 | 
 848,370 | 
 1,018,050 | 
 1,187,720 | 
 1,357,400 | 
 274 | 
 3,130,000 | 
 297,350 | 
 339,880 | 
 509,830 | 
 679,770 | 
 849,720 | 
 1,019,660 | 
 1,189,610 | 
 1,359,550 | 
 275 | 
 3,140,000 | 
 298,300 | 
 340,420 | 
 510,630 | 
 680,850 | 
 851,060 | 
 1,021,270 | 
 1,191,490 | 
 1,361,700 | 
 276 | 
 3,150,000 | 
 299,250 | 
 340,960 | 
 511,440 | 
 681,920 | 
 852,400 | 
 1,022,890 | 
 1,193,370 | 
 1,363,850 | 
 277 | 
 3,160,000 | 
 300,200 | 
 341,500 | 
 512,250 | 
 683,000 | 
 853,750 | 
 1,024,500 | 
 1,195,250 | 
 1,366,000 | 
 278 | 
 3,170,000 | 
 301,150 | 
 342,030 | 
 513,050 | 
 684,070 | 
 855,090 | 
 1,026,110 | 
 1,197,130 | 
 1,368,150 | 
 279 | 
 3,180,000 | 
 302,100 | 
 342,570 | 
 513,860 | 
 685,150 | 
 856,440 | 
 1,027,720 | 
 1,199,010 | 
 1,370,300 | 
 280 | 
 3,190,000 | 
 303,050 | 
 343,110 | 
 514,670 | 
 686,220 | 
 857,780 | 
 1,029,340 | 
 1,200,890 | 
 1,372,450 | 
 281 | 
 3,200,000 | 
 304,000 | 
 343,650 | 
 515,470 | 
 687,300 | 
 859,120 | 
 1,030,950 | 
 1,202,770 | 
 1,374,600 | 
 282 | 
 3,210,000 | 
 304,950 | 
 344,180 | 
 516,280 | 
 688,370 | 
 860,470 | 
 1,032,560 | 
 1,204,660 | 
 1,376,750 | 
 283 | 
 3,220,000 | 
 305,900 | 
 344,720 | 
 517,080 | 
 689,450 | 
 861,810 | 
 1,034,170 | 
 1,206,540 | 
 1,378,900 | 
 284 | 
 3,230,000 | 
 306,850 | 
 345,260 | 
 517,890 | 
 690,520 | 
 863,150 | 
 1,035,790 | 
 1,208,420 | 
 1,381,050 | 
 285 | 
 3,240,000 | 
 307,800 | 
 345,800 | 
 518,700 | 
 691,600 | 
 864,500 | 
 1,037,400 | 
 1,210,300 | 
 1,383,200 | 
 286 | 
 3,250,000 | 
 308,750 | 
 346,330 | 
 519,500 | 
 692,670 | 
 865,840 | 
 1,039,010 | 
 1,212,180 | 
 1,385,350 | 
 287 | 
 3,260,000 | 
 309,700 | 
 346,870 | 
 520,310 | 
 693,750 | 
 867,190 | 
 1,040,620 | 
 1,214,060 | 
 1,387,500 | 
 288 | 
 3,270,000 | 
 310,650 | 
 347,410 | 
 521,120 | 
 694,820 | 
 868,530 | 
 1,042,240 | 
 1,215,940 | 
 1,389,650 | 
 289 | 
 3,280,000 | 
 311,600 | 
 347,950 | 
 521,920 | 
 695,900 | 
 869,870 | 
 1,043,850 | 
 1,217,820 | 
 1,391,800 | 
 290 | 
 3,290,000 | 
 312,550 | 
 348,480 | 
 522,730 | 
 696,970 | 
 871,220 | 
 1,045,460 | 
 1,219,710 | 
 1,393,950 | 
 291 | 
 3,300,000 | 
 313,500 | 
 349,020 | 
 523,530 | 
 698,050 | 
 872,560 | 
 1,047,070 | 
 1,221,590 | 
 1,396,100 | 
 292 | 
 3,310,000 | 
 314,450 | 
 349,560 | 
 524,340 | 
 699,120 | 
 873,900 | 
 1,048,690 | 
 1,223,470 | 
 1,398,250 | 
 293 | 
 3,320,000 | 
 315,400 | 
 350,100 | 
 525,150 | 
 700,200 | 
 875,250 | 
 1,050,300 | 
 1,225,350 | 
 1,400,400 | 
 294 | 
 3,330,000 | 
 316,350 | 
 350,630 | 
 525,950 | 
 701,270 | 
 876,590 | 
 1,051,910 | 
 1,227,230 | 
 1,402,550 | 
 295 | 
 3,340,000 | 
 317,300 | 
 351,170 | 
 526,760 | 
 702,350 | 
 877,940 | 
 1,053,520 | 
 1,229,110 | 
 1,404,700 | 
 296 | 
 3,350,000 | 
 318,250 | 
 351,710 | 
 527,570 | 
 703,420 | 
 879,280 | 
 1,055,140 | 
 1,230,990 | 
 1,406,850 | 
 297 | 
 3,360,000 | 
 319,200 | 
 352,250 | 
 528,370 | 
 704,500 | 
 880,620 | 
 1,056,750 | 
 1,232,870 | 
 1,409,000 | 
 298 | 
 3,370,000 | 
 320,150 | 
 352,780 | 
 529,180 | 
 705,570 | 
 881,970 | 
 1,058,360 | 
 1,234,760 | 
 1,411,150 | 
 299 | 
 3,380,000 | 
 321,100 | 
 353,320 | 
 529,980 | 
 706,650 | 
 883,310 | 
 1,059,970 | 
 1,236,640 | 
 1,413,300 | 
 300 | 
 3,390,000 | 
 322,050 | 
 353,860 | 
 530,790 | 
 707,720 | 
 884,650 | 
 1,061,590 | 
 1,238,520 | 
 1,415,450 | 
 301 | 
 3,400,000 | 
 323,000 | 
 354,400 | 
 531,600 | 
 708,800 | 
 886,000 | 
 1,063,200 | 
 1,240,400 | 
 1,417,600 | 
 302 | 
 3,410,000 | 
 323,950 | 
 354,930 | 
 532,400 | 
 709,870 | 
 887,340 | 
 1,064,810 | 
 1,242,280 | 
 1,419,750 | 
 303 | 
 3,420,000 | 
 324,900 | 
 355,470 | 
 533,210 | 
 710,950 | 
 888,690 | 
 1,066,420 | 
 1,244,160 | 
 1,421,900 | 
 304 | 
 3,430,000 | 
 325,850 | 
 356,010 | 
 534,020 | 
 712,020 | 
 890,030 | 
 1,068,040 | 
 1,246,040 | 
 1,424,050 | 
 305 | 
 3,440,000 | 
 326,800 | 
 356,550 | 
 534,820 | 
 713,100 | 
 891,370 | 
 1,069,650 | 
 1,247,920 | 
 1,426,200 | 
 306 | 
 3,450,000 | 
 327,750 | 
 357,080 | 
 535,630 | 
 714,170 | 
 892,720 | 
 1,071,260 | 
 1,249,810 | 
 1,428,350 | 
 307 | 
 3,460,000 | 
 328,700 | 
 357,620 | 
 536,430 | 
 715,250 | 
 894,060 | 
 1,072,870 | 
 1,251,690 | 
 1,430,500 | 
 308 | 
 3,470,000 | 
 329,650 | 
 358,160 | 
 537,240 | 
 716,320 | 
 895,400 | 
 1,074,490 | 
 1,253,570 | 
 1,432,650 | 
 309 | 
 3,480,000 | 
 330,600 | 
 358,700 | 
 538,050 | 
 717,400 | 
 896,750 | 
 1,076,100 | 
 1,255,450 | 
 1,434,800 | 
 310 | 
 3,490,000 | 
 331,550 | 
 359,230 | 
 538,850 | 
 718,470 | 
 898,090 | 
 1,077,710 | 
 1,257,330 | 
 1,436,950 | 
 311 | 
 3,500,000 | 
 332,500 | 
 359,770 | 
 539,660 | 
 719,550 | 
 899,440 | 
 1,079,320 | 
 1,259,210 | 
 1,439,100 | 
 312 | 
 3,510,000 | 
 333,450 | 
 360,310 | 
 540,470 | 
 720,620 | 
 900,780 | 
 1,080,940 | 
 1,261,090 | 
 1,441,250 | 
 313 | 
 3,520,000 | 
 334,400 | 
 360,850 | 
 541,270 | 
 721,700 | 
 902,120 | 
 1,082,550 | 
 1,262,970 | 
 1,443,400 | 
 314 | 
 3,530,000 | 
 335,350 | 
 361,380 | 
 542,080 | 
 722,770 | 
 903,470 | 
 1,084,160 | 
 1,264,860 | 
 1,445,550 | 
 315 | 
 3,540,000 | 
 336,300 | 
 361,920 | 
 542,880 | 
 723,850 | 
 904,810 | 
 1,085,770 | 
 1,266,740 | 
 1,447,700 | 
 316 | 
 3,550,000 | 
 337,250 | 
 362,460 | 
 543,690 | 
 724,920 | 
 906,150 | 
 1,087,390 | 
 1,268,620 | 
 1,449,850 | 
 317 | 
 3,560,000 | 
 338,200 | 
 363,000 | 
 544,500 | 
 726,000 | 
 907,500 | 
 1,089,000 | 
 1,270,500 | 
 1,452,000 | 
 318 | 
 3,570,000 | 
 339,150 | 
 363,530 | 
 545,300 | 
 727,070 | 
 908,840 | 
 1,090,610 | 
 1,272,380 | 
 1,454,150 | 
 319 | 
 3,580,000 | 
 340,100 | 
 364,070 | 
 546,110 | 
 728,150 | 
 910,190 | 
 1,092,220 | 
 1,274,260 | 
 1,456,300 | 
 320 | 
 3,590,000 | 
 341,050 | 
 364,610 | 
 546,920 | 
 729,220 | 
 911,530 | 
 1,093,840 | 
 1,276,140 | 
 1,458,450 | 
 321 | 
 3,600,000 | 
 342,000 | 
 365,150 | 
 547,720 | 
 730,300 | 
 912,870 | 
 1,095,450 | 
 1,278,020 | 
 1,460,600 | 
 322 | 
 3,610,000 | 
 342,950 | 
 365,680 | 
 548,530 | 
 731,370 | 
 914,220 | 
 1,097,060 | 
 1,279,910 | 
 1,462,750 | 
 323 | 
 3,620,000 | 
 343,900 | 
 366,220 | 
 549,330 | 
 732,450 | 
 915,560 | 
 1,098,670 | 
 1,281,790 | 
 1,464,900 | 
 324 | 
 3,630,000 | 
 344,850 | 
 366,760 | 
 550,140 | 
 733,520 | 
 916,900 | 
 1,100,290 | 
 1,283,670 | 
 1,467,050 | 
 325 | 
 3,640,000 | 
 345,800 | 
 367,300 | 
 550,950 | 
 734,600 | 
 918,250 | 
 1,101,900 | 
 1,285,550 | 
 1,469,200 | 
 326 | 
 3,650,000 | 
 346,750 | 
 367,830 | 
 551,750 | 
 735,670 | 
 919,590 | 
 1,103,510 | 
 1,287,430 | 
 1,471,350 | 
 327 | 
 3,660,000 | 
 347,700 | 
 368,370 | 
 552,560 | 
 736,750 | 
 920,940 | 
 1,105,120 | 
 1,289,310 | 
 1,473,500 | 
 328 | 
 3,670,000 | 
 348,650 | 
 368,910 | 
 553,370 | 
 737,820 | 
 922,280 | 
 1,106,740 | 
 1,291,190 | 
 1,475,650 | 
 329 | 
 3,680,000 | 
 349,600 | 
 369,450 | 
 554,170 | 
 738,900 | 
 923,620 | 
 1,108,350 | 
 1,293,070 | 
 1,477,800 | 
 330 | 
 3,690,000 | 
 350,550 | 
 369,980 | 
 554,980 | 
 739,970 | 
 924,970 | 
 1,109,960 | 
 1,294,960 | 
 1,479,950 | 
 331 | 
 3,700,000 | 
 351,500 | 
 370,520 | 
 555,780 | 
 741,050 | 
 926,310 | 
 1,111,570 | 
 1,296,840 | 
 1,482,100 | 
 332 | 
 3,710,000 | 
 352,450 | 
 371,060 | 
 556,590 | 
 742,120 | 
 927,650 | 
 1,113,190 | 
 1,298,720 | 
 1,484,250 | 
 333 | 
 3,720,000 | 
 353,400 | 
 371,600 | 
 557,400 | 
 743,200 | 
 929,000 | 
 1,114,800 | 
 1,300,600 | 
 1,486,400 | 
 334 | 
 3,730,000 | 
 354,350 | 
 372,130 | 
 558,200 | 
 744,270 | 
 930,340 | 
 1,116,410 | 
 1,302,480 | 
 1,488,550 | 
 335 | 
 3,740,000 | 
 355,300 | 
 372,670 | 
 559,010 | 
 745,350 | 
 931,690 | 
 1,118,020 | 
 1,304,360 | 
 1,490,700 | 
 336 | 
 3,750,000 | 
 356,250 | 
 373,210 | 
 559,820 | 
 746,420 | 
 933,030 | 
 1,119,640 | 
 1,306,240 | 
 1,492,850 | 
 337 | 
 3,760,000 | 
 357,200 | 
 373,750 | 
 560,620 | 
 747,500 | 
 934,370 | 
 1,121,250 | 
 1,308,120 | 
 1,495,000 | 
 338 | 
 3,770,000 | 
 358,150 | 
 374,280 | 
 561,430 | 
 748,570 | 
 935,720 | 
 1,122,860 | 
 1,310,010 | 
 1,497,150 | 
 339 | 
 3,780,000 | 
 359,100 | 
 374,820 | 
 562,230 | 
 749,650 | 
 937,060 | 
 1,124,470 | 
 1,311,890 | 
 1,499,300 | 
 340 | 
 3,790,000 | 
 360,050 | 
 375,360 | 
 563,040 | 
 750,720 | 
 938,400 | 
 1,126,090 | 
 1,313,770 | 
 1,501,450 | 
 341 | 
 3,800,000 | 
 361,000 | 
 375,900 | 
 563,850 | 
 751,800 | 
 939,750 | 
 1,127,700 | 
 1,315,650 | 
 1,503,600 | 
 342 | 
 3,810,000 | 
 361,950 | 
 376,430 | 
 564,650 | 
 752,870 | 
 941,090 | 
 1,129,310 | 
 1,317,530 | 
 1,505,750 | 
 343 | 
 3,820,000 | 
 362,900 | 
 376,970 | 
 565,460 | 
 753,950 | 
 942,440 | 
 1,130,920 | 
 1,319,410 | 
 1,507,900 | 
 344 | 
 3,830,000 | 
 363,850 | 
 377,510 | 
 566,270 | 
 755,020 | 
 943,780 | 
 1,132,540 | 
 1,321,290 | 
 1,510,050 | 
 345 | 
 3,840,000 | 
 364,800 | 
 378,050 | 
 567,070 | 
 756,100 | 
 945,120 | 
 1,134,150 | 
 1,323,170 | 
 1,512,200 | 
 346 | 
 3,850,000 | 
 365,750 | 
 378,580 | 
 567,880 | 
 757,170 | 
 946,470 | 
 1,135,760 | 
 1,325,060 | 
 1,514,350 | 
 347 | 
 3,860,000 | 
 366,700 | 
 379,120 | 
 568,680 | 
 758,250 | 
 947,810 | 
 1,137,370 | 
 1,326,940 | 
 1,516,500 | 
 348 | 
 3,870,000 | 
 367,650 | 
 379,660 | 
 569,490 | 
 759,320 | 
 949,150 | 
 1,138,990 | 
 1,328,820 | 
 1,518,650 | 
 349 | 
 3,880,000 | 
 368,600 | 
 380,200 | 
 570,300 | 
 760,400 | 
 950,500 | 
 1,140,600 | 
 1,330,700 | 
 1,520,800 | 
 350 | 
 3,890,000 | 
 369,550 | 
 380,730 | 
 571,100 | 
 761,470 | 
 951,840 | 
 1,142,210 | 
 1,332,580 | 
 1,522,950 | 
 351 | 
 3,900,000 | 
 370,500 | 
 381,270 | 
 571,910 | 
 762,550 | 
 953,190 | 
 1,143,820 | 
 1,334,460 | 
 1,525,100 | 
 352 | 
 3,910,000 | 
 371,450 | 
 381,810 | 
 572,720 | 
 763,620 | 
 954,530 | 
 1,145,440 | 
 1,336,340 | 
 1,527,250 | 
 353 | 
 3,920,000 | 
 372,400 | 
 382,350 | 
 573,520 | 
 764,700 | 
 955,870 | 
 1,147,050 | 
 1,338,220 | 
 1,529,400 | 
 354 | 
 3,930,000 | 
 373,350 | 
 382,880 | 
 574,330 | 
 765,770 | 
 957,220 | 
 1,148,660 | 
 1,340,110 | 
 1,531,550 | 
 355 | 
 3,940,000 | 
 374,300 | 
 383,420 | 
 575,130 | 
 766,850 | 
 958,560 | 
 1,150,270 | 
 1,341,990 | 
 1,533,700 | 
 356 | 
 3,950,000 | 
 375,250 | 
 383,960 | 
 575,940 | 
 767,920 | 
 959,900 | 
 1,151,890 | 
 1,343,870 | 
 1,535,850 | 
 357 | 
 3,960,000 | 
 376,200 | 
 384,500 | 
 576,750 | 
 769,000 | 
 961,250 | 
 1,153,500 | 
 1,345,750 | 
 1,538,000 | 
 358 | 
 3,970,000 | 
 377,150 | 
 385,030 | 
 577,550 | 
 770,070 | 
 962,590 | 
 1,155,110 | 
 1,347,630 | 
 1,540,150 | 
 359 | 
 3,980,000 | 
 378,100 | 
 385,570 | 
 578,360 | 
 771,150 | 
 963,940 | 
 1,156,720 | 
 1,349,510 | 
 1,542,300 | 
 360 | 
 3,990,000 | 
 379,050 | 
 386,110 | 
 579,170 | 
 772,220 | 
 965,280 | 
 1,158,340 | 
 1,351,390 | 
 1,544,450 | 
 361 | 
 4,000,000 | 
 380,000 | 
 386,650 | 
 579,970 | 
 773,300 | 
 966,620 | 
 1,159,950 | 
 1,353,270 | 
 1,546,600 | 
 362 | 
 4,010,000 | 
 380,950 | 
 387,180 | 
 580,780 | 
 774,370 | 
 967,970 | 
 1,161,560 | 
 1,355,160 | 
 1,548,750 | 
 363 | 
 4,020,000 | 
 381,900 | 
 387,720 | 
 581,580 | 
 775,450 | 
 969,310 | 
 1,163,170 | 
 1,357,040 | 
 1,550,900 | 
 364 | 
 4,030,000 | 
 382,850 | 
 388,260 | 
 582,390 | 
 776,520 | 
 970,650 | 
 1,164,790 | 
 1,358,920 | 
 1,553,050 | 
 365 | 
 4,040,000 | 
 383,800 | 
 388,800 | 
 583,200 | 
 777,600 | 
 972,000 | 
 1,166,400 | 
 1,360,800 | 
 1,555,200 | 
 366 | 
 4,050,000 | 
 384,750 | 
 389,330 | 
 584,000 | 
 778,670 | 
 973,340 | 
 1,168,010 | 
 1,362,680 | 
 1,557,350 | 
 367 | 
 4,060,000 | 
 385,700 | 
 389,870 | 
 584,810 | 
 779,750 | 
 974,690 | 
 1,169,620 | 
 1,364,560 | 
 1,559,500 | 
 368 | 
 4,070,000 | 
 386,650 | 
 390,410 | 
 585,620 | 
 780,820 | 
 976,030 | 
 1,171,240 | 
 1,366,440 | 
 1,561,650 | 
 369 | 
 4,080,000 | 
 387,600 | 
 390,950 | 
 586,420 | 
 781,900 | 
 977,370 | 
 1,172,850 | 
 1,368,320 | 
 1,563,800 | 
 370 | 
 4,090,000 | 
 388,550 | 
 391,480 | 
 587,230 | 
 782,970 | 
 978,720 | 
 1,174,460 | 
 1,370,210 | 
 1,565,950 | 
 371 | 
 4,100,000 | 
 389,500 | 
 392,020 | 
 588,030 | 
 784,050 | 
 980,060 | 
 1,176,070 | 
 1,372,090 | 
 1,568,100 | 
 372 | 
 4,110,000 | 
 390,450 | 
 392,560 | 
 588,840 | 
 785,120 | 
 981,400 | 
 1,177,690 | 
 1,373,970 | 
 1,570,250 | 
 373 | 
 4,120,000 | 
 391,400 | 
 393,100 | 
 589,650 | 
 786,200 | 
 982,750 | 
 1,179,300 | 
 1,375,850 | 
 1,572,400 | 
 374 | 
 4,130,000 | 
 392,350 | 
 393,630 | 
 590,450 | 
 787,270 | 
 984,090 | 
 1,180,910 | 
 1,377,730 | 
 1,574,550 | 
 375 | 
 4,140,000 | 
 393,300 | 
 394,170 | 
 591,260 | 
 788,350 | 
 985,440 | 
 1,182,520 | 
 1,379,610 | 
 1,576,700 | 
 376 | 
 4,150,000 | 
 394,250 | 
 394,710 | 
 592,070 | 
 789,420 | 
 986,780 | 
 1,184,140 | 
 1,381,490 | 
 1,578,850 | 
 377 | 
 4,160,000 | 
 395,200 | 
 395,250 | 
 592,870 | 
 790,500 | 
 988,120 | 
 1,185,750 | 
 1,383,370 | 
 1,581,000 | 
 378 | 
 4,170,000 | 
 396,150 | 
 395,780 | 
 593,680 | 
 791,570 | 
 989,470 | 
 1,187,360 | 
 1,385,260 | 
 1,583,150 | 
 379 | 
 4,180,000 | 
 397,100 | 
 396,320 | 
 594,480 | 
 792,650 | 
 990,810 | 
 1,188,970 | 
 1,387,140 | 
 1,585,300 | 
 380 | 
 4,190,000 | 
 398,050 | 
 396,860 | 
 595,290 | 
 793,720 | 
 992,150 | 
 1,190,590 | 
 1,389,020 | 
 1,587,450 | 
 381 | 
 4,200,000 | 
 399,000 | 
 397,400 | 
 596,100 | 
 794,800 | 
 993,500 | 
 1,192,200 | 
 1,390,900 | 
 1,589,600 | 
 382 | 
 4,210,000 | 
 399,950 | 
 397,930 | 
 596,900 | 
 795,870 | 
 994,840 | 
 1,193,810 | 
 1,392,780 | 
 1,591,750 | 
 383 | 
 4,220,000 | 
 400,900 | 
 398,470 | 
 597,710 | 
 796,950 | 
 996,190 | 
 1,195,420 | 
 1,394,660 | 
 1,593,900 | 
 384 | 
 4,230,000 | 
 401,850 | 
 399,010 | 
 598,520 | 
 798,020 | 
 997,530 | 
 1,197,040 | 
 1,396,540 | 
 1,596,050 | 
 385 | 
 4,240,000 | 
 402,800 | 
 399,550 | 
 599,320 | 
 799,100 | 
 998,870 | 
 1,198,650 | 
 1,398,420 | 
 1,598,200 | 
 386 | 
 4,250,000 | 
 403,750 | 
 400,080 | 
 600,130 | 
 800,170 | 
 1,000,220 | 
 1,200,260 | 
 1,400,310 | 
 1,600,350 | 
 387 | 
 4,260,000 | 
 404,700 | 
 400,620 | 
 600,930 | 
 801,250 | 
 1,001,560 | 
 1,201,870 | 
 1,402,190 | 
 1,602,500 | 
 388 | 
 4,270,000 | 
 405,650 | 
 401,160 | 
 601,740 | 
 802,320 | 
 1,002,900 | 
 1,203,490 | 
 1,404,070 | 
 1,604,650 | 
 389 | 
 4,280,000 | 
 406,600 | 
 401,700 | 
 602,550 | 
 803,400 | 
 1,004,250 | 
 1,205,100 | 
 1,405,950 | 
 1,606,800 | 
 390 | 
 4,290,000 | 
 407,550 | 
 402,230 | 
 603,350 | 
 804,470 | 
 1,005,590 | 
 1,206,710 | 
 1,407,830 | 
 1,608,950 | 
 391 | 
 4,300,000 | 
 408,500 | 
 402,770 | 
 604,160 | 
 805,550 | 
 1,006,940 | 
 1,208,320 | 
 1,409,710 | 
 1,611,100 | 
 392 | 
 4,310,000 | 
 409,450 | 
 403,310 | 
 604,970 | 
 806,620 | 
 1,008,280 | 
 1,209,940 | 
 1,411,590 | 
 1,613,250 | 
 393 | 
 4,320,000 | 
 410,400 | 
 403,850 | 
 605,770 | 
 807,700 | 
 1,009,620 | 
 1,211,550 | 
 1,413,470 | 
 1,615,400 | 
 394 | 
 4,330,000 | 
 411,350 | 
 404,380 | 
 606,580 | 
 808,770 | 
 1,010,970 | 
 1,213,160 | 
 1,415,360 | 
 1,617,550 | 
 395 | 
 4,340,000 | 
 412,300 | 
 404,920 | 
 607,380 | 
 809,850 | 
 1,012,310 | 
 1,214,770 | 
 1,417,240 | 
 1,619,700 | 
 396 | 
 4,350,000 | 
 413,250 | 
 405,460 | 
 608,190 | 
 810,920 | 
 1,013,650 | 
 1,216,390 | 
 1,419,120 | 
 1,621,850 | 
 397 | 
 4,360,000 | 
 414,200 | 
 406,000 | 
 609,000 | 
 812,000 | 
 1,015,000 | 
 1,218,000 | 
 1,421,000 | 
 1,624,000 | 
 398 | 
 4,370,000 | 
 415,150 | 
 406,530 | 
 609,800 | 
 813,070 | 
 1,016,340 | 
 1,219,610 | 
 1,422,880 | 
 1,626,150 | 
 399 | 
 4,380,000 | 
 416,100 | 
 407,070 | 
 610,610 | 
 814,150 | 
 1,017,690 | 
 1,221,220 | 
 1,424,760 | 
 1,628,300 | 
 400 | 
 4,390,000 | 
 417,050 | 
 407,610 | 
 611,420 | 
 815,220 | 
 1,019,030 | 
 1,222,840 | 
 1,426,640 | 
 1,630,450 | 
 401 | 
 4,400,000 | 
 418,000 | 
 408,150 | 
 612,220 | 
 816,300 | 
 1,020,370 | 
 1,224,450 | 
 1,428,520 | 
 1,632,600 | 
 402 | 
 4,410,000 | 
 418,950 | 
 408,680 | 
 613,030 | 
 817,370 | 
 1,021,720 | 
 1,226,060 | 
 1,430,410 | 
 1,634,750 | 
 403 | 
 4,420,000 | 
 419,900 | 
 409,220 | 
 613,830 | 
 818,450 | 
 1,023,060 | 
 1,227,670 | 
 1,432,290 | 
 1,636,900 | 
 404 | 
 4,430,000 | 
 420,850 | 
 409,760 | 
 614,640 | 
 819,520 | 
 1,024,400 | 
 1,229,290 | 
 1,434,170 | 
 1,639,050 | 
 405 | 
 4,440,000 | 
 421,800 | 
 410,300 | 
 615,450 | 
 820,600 | 
 1,025,750 | 
 1,230,900 | 
 1,436,050 | 
 1,641,200 | 
 406 | 
 4,450,000 | 
 422,750 | 
 410,830 | 
 616,250 | 
 821,670 | 
 1,027,090 | 
 1,232,510 | 
 1,437,930 | 
 1,643,350 | 
 407 | 
 4,460,000 | 
 423,700 | 
 411,370 | 
 617,060 | 
 822,750 | 
 1,028,440 | 
 1,234,120 | 
 1,439,810 | 
 1,645,500 | 
 408 | 
 4,470,000 | 
 424,650 | 
 411,910 | 
 617,870 | 
 823,820 | 
 1,029,780 | 
 1,235,740 | 
 1,441,690 | 
 1,647,650 | 
 409 | 
 4,480,000 | 
 425,600 | 
 412,450 | 
 618,670 | 
 824,900 | 
 1,031,120 | 
 1,237,350 | 
 1,443,570 | 
 1,649,800 | 
 410 | 
 4,490,000 | 
 426,550 | 
 412,980 | 
 619,480 | 
 825,970 | 
 1,032,470 | 
 1,238,960 | 
 1,445,460 | 
 1,651,950 | 
 411 | 
 4,500,000 | 
 427,500 | 
 413,520 | 
 620,280 | 
 827,050 | 
 1,033,810 | 
 1,240,570 | 
 1,447,340 | 
 1,654,100 | 
 412 | 
 4,510,000 | 
 428,450 | 
 414,060 | 
 621,090 | 
 828,120 | 
 1,035,150 | 
 1,242,190 | 
 1,449,220 | 
 1,656,250 | 
 413 | 
 4,520,000 | 
 429,400 | 
 414,600 | 
 621,900 | 
 829,200 | 
 1,036,500 | 
 1,243,800 | 
 1,451,100 | 
 1,658,400 | 
 414 | 
 4,530,000 | 
 430,350 | 
 415,130 | 
 622,700 | 
 830,270 | 
 1,037,840 | 
 1,245,410 | 
 1,452,980 | 
 1,660,550 | 
 415 | 
 4,540,000 | 
 431,300 | 
 415,670 | 
 623,510 | 
 831,350 | 
 1,039,190 | 
 1,247,020 | 
 1,454,860 | 
 1,662,700 | 
 416 | 
 4,550,000 | 
 432,250 | 
 416,210 | 
 624,320 | 
 832,420 | 
 1,040,530 | 
 1,248,640 | 
 1,456,740 | 
 1,664,850 | 
 417 | 
 4,560,000 | 
 433,200 | 
 416,750 | 
 625,120 | 
 833,500 | 
 1,041,870 | 
 1,250,250 | 
 1,458,620 | 
 1,667,000 | 
 418 | 
 4,570,000 | 
 434,150 | 
 417,280 | 
 625,930 | 
 834,570 | 
 1,043,220 | 
 1,251,860 | 
 1,460,510 | 
 1,669,150 | 
 419 | 
 4,580,000 | 
 435,100 | 
 417,820 | 
 626,730 | 
 835,650 | 
 1,044,560 | 
 1,253,470 | 
 1,462,390 | 
 1,671,300 | 
 420 | 
 4,590,000 | 
 436,050 | 
 418,360 | 
 627,540 | 
 836,720 | 
 1,045,900 | 
 1,255,090 | 
 1,464,270 | 
 1,673,450 | 
 421 | 
 4,600,000 | 
 437,000 | 
 418,900 | 
 628,350 | 
 837,800 | 
 1,047,250 | 
 1,256,700 | 
 1,466,150 | 
 1,675,600 | 
 422 | 
 4,610,000 | 
 437,950 | 
 419,430 | 
 629,150 | 
 838,870 | 
 1,048,590 | 
 1,258,310 | 
 1,468,030 | 
 1,677,750 | 
 423 | 
 4,620,000 | 
 438,900 | 
 419,970 | 
 629,960 | 
 839,950 | 
 1,049,940 | 
 1,259,920 | 
 1,469,910 | 
 1,679,900 | 
 424 | 
 4,630,000 | 
 439,850 | 
 420,510 | 
 630,770 | 
 841,020 | 
 1,051,280 | 
 1,261,540 | 
 1,471,790 | 
 1,682,050 | 
 425 | 
 4,640,000 | 
 440,800 | 
 421,050 | 
 631,570 | 
 842,100 | 
 1,052,620 | 
 1,263,150 | 
 1,473,670 | 
 1,684,200 | 
 426 | 
 4,650,000 | 
 441,750 | 
 421,580 | 
 632,380 | 
 843,170 | 
 1,053,970 | 
 1,264,760 | 
 1,475,560 | 
 1,686,350 | 
 427 | 
 4,660,000 | 
 442,700 | 
 422,120 | 
 633,180 | 
 844,250 | 
 1,055,310 | 
 1,266,370 | 
 1,477,440 | 
 1,688,500 | 
 428 | 
 4,670,000 | 
 443,650 | 
 422,660 | 
 633,990 | 
 845,320 | 
 1,056,650 | 
 1,267,990 | 
 1,479,320 | 
 1,690,650 | 
 429 | 
 4,680,000 | 
 444,600 | 
 423,200 | 
 634,800 | 
 846,400 | 
 1,058,000 | 
 1,269,600 | 
 1,481,200 | 
 1,692,800 | 
 430 | 
 4,690,000 | 
 445,550 | 
 423,730 | 
 635,600 | 
 847,470 | 
 1,059,340 | 
 1,271,210 | 
 1,483,080 | 
 1,694,950 | 
 431 | 
 4,700,000 | 
 446,500 | 
 424,270 | 
 636,410 | 
 848,550 | 
 1,060,690 | 
 1,272,820 | 
 1,484,960 | 
 1,697,100 | 
 432 | 
 4,710,000 | 
 447,450 | 
 424,810 | 
 637,220 | 
 849,620 | 
 1,062,030 | 
 1,274,440 | 
 1,486,840 | 
 1,699,250 | 
 433 | 
 4,720,000 | 
 448,400 | 
 425,350 | 
 638,020 | 
 850,700 | 
 1,063,370 | 
 1,276,050 | 
 1,488,720 | 
 1,701,400 | 
 434 | 
 4,730,000 | 
 449,350 | 
 425,880 | 
 638,830 | 
 851,770 | 
 1,064,720 | 
 1,277,660 | 
 1,490,610 | 
 1,703,550 | 
 435 | 
 4,740,000 | 
 450,300 | 
 426,420 | 
 639,630 | 
 852,850 | 
 1,066,060 | 
 1,279,270 | 
 1,492,490 | 
 1,705,700 | 
 436 | 
 4,750,000 | 
 451,250 | 
 426,960 | 
 640,440 | 
 853,920 | 
 1,067,400 | 
 1,280,890 | 
 1,494,370 | 
 1,707,850 | 
 437 | 
 4,760,000 | 
 452,200 | 
 427,500 | 
 641,250 | 
 855,000 | 
 1,068,750 | 
 1,282,500 | 
 1,496,250 | 
 1,710,000 | 
 438 | 
 4,770,000 | 
 453,150 | 
 428,030 | 
 642,050 | 
 856,070 | 
 1,070,090 | 
 1,284,110 | 
 1,498,130 | 
 1,712,150 | 
 439 | 
 4,780,000 | 
 454,100 | 
 428,570 | 
 642,860 | 
 857,150 | 
 1,071,440 | 
 1,285,720 | 
 1,500,010 | 
 1,714,300 | 
 440 | 
 4,790,000 | 
 455,050 | 
 429,110 | 
 643,670 | 
 858,220 | 
 1,072,780 | 
 1,287,340 | 
 1,501,890 | 
 1,716,450 | 
 441 | 
 4,800,000 | 
 456,000 | 
 429,650 | 
 644,470 | 
 859,300 | 
 1,074,120 | 
 1,288,950 | 
 1,503,770 | 
 1,718,600 | 
 442 | 
 4,810,000 | 
 456,950 | 
 430,180 | 
 645,280 | 
 860,370 | 
 1,075,470 | 
 1,290,560 | 
 1,505,660 | 
 1,720,750 | 
 443 | 
 4,820,000 | 
 457,900 | 
 430,720 | 
 646,080 | 
 861,450 | 
 1,076,810 | 
 1,292,170 | 
 1,507,540 | 
 1,722,900 | 
 444 | 
 4,830,000 | 
 458,850 | 
 431,260 | 
 646,890 | 
 862,520 | 
 1,078,150 | 
 1,293,790 | 
 1,509,420 | 
 1,725,050 | 
 445 | 
 4,840,000 | 
 459,800 | 
 431,800 | 
 647,700 | 
 863,600 | 
 1,079,500 | 
 1,295,400 | 
 1,511,300 | 
 1,727,200 | 
 446 | 
 4,850,000 | 
 460,750 | 
 432,330 | 
 648,500 | 
 864,670 | 
 1,080,840 | 
 1,297,010 | 
 1,513,180 | 
 1,729,350 | 
 447 | 
 4,860,000 | 
 461,700 | 
 432,870 | 
 649,310 | 
 865,750 | 
 1,082,190 | 
 1,298,620 | 
 1,515,060 | 
 1,731,500 | 
 448 | 
 4,870,000 | 
 462,650 | 
 433,410 | 
 650,120 | 
 866,820 | 
 1,083,530 | 
 1,300,240 | 
 1,516,940 | 
 1,733,650 | 
 449 | 
 4,880,000 | 
 463,600 | 
 433,950 | 
 650,920 | 
 867,900 | 
 1,084,870 | 
 1,301,850 | 
 1,518,820 | 
 1,735,800 | 
 450 | 
 4,890,000 | 
 464,550 | 
 434,480 | 
 651,730 | 
 868,970 | 
 1,086,220 | 
 1,303,460 | 
 1,520,710 | 
 1,737,950 | 
 451 | 
 4,900,000 | 
 465,500 | 
 435,020 | 
 652,530 | 
 870,050 | 
 1,087,560 | 
 1,305,070 | 
 1,522,590 | 
 1,740,100 | 
 452 | 
 4,910,000 | 
 466,450 | 
 435,560 | 
 653,340 | 
 871,120 | 
 1,088,900 | 
 1,306,690 | 
 1,524,470 | 
 1,742,250 | 
 453 | 
 4,920,000 | 
 467,400 | 
 436,100 | 
 654,150 | 
 872,200 | 
 1,090,250 | 
 1,308,300 | 
 1,526,350 | 
 1,744,400 | 
 454 | 
 4,930,000 | 
 468,350 | 
 436,630 | 
 654,950 | 
 873,270 | 
 1,091,590 | 
 1,309,910 | 
 1,528,230 | 
 1,746,550 | 
 455 | 
 4,940,000 | 
 469,300 | 
 437,170 | 
 655,760 | 
 874,350 | 
 1,092,940 | 
 1,311,520 | 
 1,530,110 | 
 1,748,700 | 
 456 | 
 4,950,000 | 
 470,250 | 
 437,710 | 
 656,570 | 
 875,420 | 
 1,094,280 | 
 1,313,140 | 
 1,531,990 | 
 1,750,850 | 
 457 | 
 4,960,000 | 
 471,200 | 
 438,250 | 
 657,370 | 
 876,500 | 
 1,095,620 | 
 1,314,750 | 
 1,533,870 | 
 1,753,000 | 
 458 | 
 4,970,000 | 
 472,150 | 
 438,780 | 
 658,180 | 
 877,570 | 
 1,096,970 | 
 1,316,360 | 
 1,535,760 | 
 1,755,150 | 
 459 | 
 4,980,000 | 
 473,100 | 
 439,320 | 
 658,980 | 
 878,650 | 
 1,098,310 | 
 1,317,970 | 
 1,537,640 | 
 1,757,300 | 
 460 | 
 4,990,000 | 
 474,050 | 
 439,860 | 
 659,790 | 
 879,720 | 
 1,099,650 | 
 1,319,590 | 
 1,539,520 | 
 1,759,450 | 
 461 | 
 5,000,000 | 
 475,000 | 
 440,400 | 
 660,600 | 
 880,800 | 
 1,101,000 | 
 1,321,200 | 
 1,541,400 | 
 1,761,600 | 
 462 | 
 5,010,000 | 
 475,950 | 
 440,930 | 
 661,400 | 
 881,870 | 
 1,102,340 | 
 1,322,810 | 
 1,543,280 | 
 1,763,750 | 
 463 | 
 5,020,000 | 
 476,900 | 
 441,470 | 
 662,210 | 
 882,950 | 
 1,103,690 | 
 1,324,420 | 
 1,545,160 | 
 1,765,900 | 
 464 | 
 5,030,000 | 
 477,850 | 
 442,010 | 
 663,020 | 
 884,020 | 
 1,105,030 | 
 1,326,040 | 
 1,547,040 | 
 1,768,050 | 
 465 | 
 5,040,000 | 
 478,800 | 
 442,550 | 
 663,820 | 
 885,100 | 
 1,106,370 | 
 1,327,650 | 
 1,548,920 | 
 1,770,200 | 
 466 | 
 5,050,000 | 
 479,750 | 
 443,080 | 
 664,630 | 
 886,170 | 
 1,107,720 | 
 1,329,260 | 
 1,550,810 | 
 1,772,350 | 
 467 | 
 5,060,000 | 
 480,700 | 
 443,620 | 
 665,430 | 
 887,250 | 
 1,109,060 | 
 1,330,870 | 
 1,552,690 | 
 1,774,500 | 
 468 | 
 5,070,000 | 
 481,650 | 
 444,160 | 
 666,240 | 
 888,320 | 
 1,110,400 | 
 1,332,490 | 
 1,554,570 | 
 1,776,650 | 
 469 | 
 5,080,000 | 
 482,600 | 
 444,700 | 
 667,050 | 
 889,400 | 
 1,111,750 | 
 1,334,100 | 
 1,556,450 | 
 1,778,800 | 
 470 | 
 5,090,000 | 
 483,550 | 
 445,230 | 
 667,850 | 
 890,470 | 
 1,113,090 | 
 1,335,710 | 
 1,558,330 | 
 1,780,950 | 
 471 | 
 5,100,000 | 
 484,500 | 
 445,770 | 
 668,660 | 
 891,550 | 
 1,114,440 | 
 1,337,320 | 
 1,560,210 | 
 1,783,100 | 
 472 | 
 5,110,000 | 
 485,450 | 
 446,310 | 
 669,470 | 
 892,620 | 
 1,115,780 | 
 1,338,940 | 
 1,562,090 | 
 1,785,250 | 
 473 | 
 5,120,000 | 
 486,400 | 
 446,850 | 
 670,270 | 
 893,700 | 
 1,117,120 | 
 1,340,550 | 
 1,563,970 | 
 1,787,400 | 
 474 | 
 5,130,000 | 
 487,350 | 
 447,380 | 
 671,080 | 
 894,770 | 
 1,118,470 | 
 1,342,160 | 
 1,565,860 | 
 1,789,550 | 
 475 | 
 5,140,000 | 
 488,300 | 
 447,920 | 
 671,880 | 
 895,850 | 
 1,119,810 | 
 1,343,770 | 
 1,567,740 | 
 1,791,700 | 
 476 | 
 5,150,000 | 
 489,250 | 
 448,460 | 
 672,690 | 
 896,920 | 
 1,121,150 | 
 1,345,390 | 
 1,569,620 | 
 1,793,850 | 
 477 | 
 5,160,000 | 
 490,200 | 
 449,000 | 
 673,500 | 
 898,000 | 
 1,122,500 | 
 1,347,000 | 
 1,571,500 | 
 1,796,000 | 
 478 | 
 5,170,000 | 
 491,150 | 
 449,530 | 
 674,300 | 
 899,070 | 
 1,123,840 | 
 1,348,610 | 
 1,573,380 | 
 1,798,150 | 
 479 | 
 5,180,000 | 
 492,100 | 
 450,070 | 
 675,110 | 
 900,150 | 
 1,125,190 | 
 1,350,220 | 
 1,575,260 | 
 1,800,300 | 
 480 | 
 5,190,000 | 
 493,050 | 
 450,610 | 
 675,920 | 
 901,220 | 
 1,126,530 | 
 1,351,840 | 
 1,577,140 | 
 1,802,450 | 
 481 | 
 5,200,000 | 
 494,000 | 
 451,150 | 
 676,720 | 
 902,300 | 
 1,127,870 | 
 1,353,450 | 
 1,579,020 | 
 1,804,600 | 
 482 | 
 5,210,000 | 
 494,950 | 
 451,680 | 
 677,530 | 
 903,370 | 
 1,129,220 | 
 1,355,060 | 
 1,580,910 | 
 1,806,750 | 
 483 | 
 5,220,000 | 
 495,900 | 
 452,220 | 
 678,330 | 
 904,450 | 
 1,130,560 | 
 1,356,670 | 
 1,582,790 | 
 1,808,900 | 
 484 | 
 5,230,000 | 
 496,850 | 
 452,760 | 
 679,140 | 
 905,520 | 
 1,131,900 | 
 1,358,290 | 
 1,584,670 | 
 1,811,050 | 
 485 | 
 5,240,000 | 
 497,800 | 
 453,300 | 
 679,950 | 
 906,600 | 
 1,133,250 | 
 1,359,900 | 
 1,586,550 | 
 1,813,200 | 
 486 | 
 5,250,000 | 
 498,750 | 
 453,830 | 
 680,750 | 
 907,670 | 
 1,134,590 | 
 1,361,510 | 
 1,588,430 | 
 1,815,350 | 
 487 | 
 5,260,000 | 
 499,700 | 
 454,370 | 
 681,560 | 
 908,750 | 
 1,135,940 | 
 1,363,120 | 
 1,590,310 | 
 1,817,500 | 
 488 | 
 5,270,000 | 
 500,650 | 
 454,910 | 
 682,370 | 
 909,820 | 
 1,137,280 | 
 1,364,740 | 
 1,592,190 | 
 1,819,650 | 
 489 | 
 5,280,000 | 
 501,600 | 
 455,450 | 
 683,170 | 
 910,900 | 
 1,138,620 | 
 1,366,350 | 
 1,594,070 | 
 1,821,800 | 
 490 | 
 5,290,000 | 
 502,550 | 
 455,980 | 
 683,980 | 
 911,970 | 
 1,139,970 | 
 1,367,960 | 
 1,595,960 | 
 1,823,950 | 
 491 | 
 5,300,000 | 
 503,500 | 
 456,520 | 
 684,780 | 
 913,050 | 
 1,141,310 | 
 1,369,570 | 
 1,597,840 | 
 1,826,100 | 
 492 | 
 5,310,000 | 
 504,450 | 
 457,060 | 
 685,590 | 
 914,120 | 
 1,142,650 | 
 1,371,190 | 
 1,599,720 | 
 1,828,250 | 
 493 | 
 5,320,000 | 
 505,400 | 
 457,600 | 
 686,400 | 
 915,200 | 
 1,144,000 | 
 1,372,800 | 
 1,601,600 | 
 1,830,400 | 
 494 | 
 5,330,000 | 
 506,350 | 
 458,130 | 
 687,200 | 
 916,270 | 
 1,145,340 | 
 1,374,410 | 
 1,603,480 | 
 1,832,550 | 
 495 | 
 5,340,000 | 
 507,300 | 
 458,670 | 
 688,010 | 
 917,350 | 
 1,146,690 | 
 1,376,020 | 
 1,605,360 | 
 1,834,700 | 
 496 | 
 5,350,000 | 
 508,250 | 
 459,210 | 
 688,820 | 
 918,420 | 
 1,148,030 | 
 1,377,640 | 
 1,607,240 | 
 1,836,850 | 
 497 | 
 5,360,000 | 
 509,200 | 
 459,750 | 
 689,620 | 
 919,500 | 
 1,149,370 | 
 1,379,250 | 
 1,609,120 | 
 1,839,000 | 
 498 | 
 5,370,000 | 
 510,150 | 
 460,280 | 
 690,430 | 
 920,570 | 
 1,150,720 | 
 1,380,860 | 
 1,611,010 | 
 1,841,150 | 
 499 | 
 5,380,000 | 
 511,100 | 
 460,820 | 
 691,230 | 
 921,650 | 
 1,152,060 | 
 1,382,470 | 
 1,612,890 | 
 1,843,300 | 
 500 | 
 5,390,000 | 
 512,050 | 
 461,360 | 
 692,040 | 
 922,720 | 
 1,153,400 | 
 1,384,090 | 
 1,614,770 | 
 1,845,450 | 
 501 | 
 5,400,000 | 
 513,000 | 
 461,900 | 
 692,850 | 
 923,800 | 
 1,154,750 | 
 1,385,700 | 
 1,616,650 | 
 1,847,600 | 
 502 | 
 5,410,000 | 
 513,950 | 
 462,430 | 
 693,650 | 
 924,870 | 
 1,156,090 | 
 1,387,310 | 
 1,618,530 | 
 1,849,750 | 
 503 | 
 5,420,000 | 
 514,900 | 
 462,970 | 
 694,460 | 
 925,950 | 
 1,157,440 | 
 1,388,920 | 
 1,620,410 | 
 1,851,900 | 
 504 | 
 5,430,000 | 
 515,850 | 
 463,510 | 
 695,270 | 
 927,020 | 
 1,158,780 | 
 1,390,540 | 
 1,622,290 | 
 1,854,050 | 
 505 | 
 5,440,000 | 
 516,800 | 
 464,050 | 
 696,070 | 
 928,100 | 
 1,160,120 | 
 1,392,150 | 
 1,624,170 | 
 1,856,200 | 
 506 | 
 5,450,000 | 
 517,750 | 
 464,580 | 
 696,880 | 
 929,170 | 
 1,161,470 | 
 1,393,760 | 
 1,626,060 | 
 1,858,350 | 
 507 | 
 5,460,000 | 
 518,700 | 
 465,120 | 
 697,680 | 
 930,250 | 
 1,162,810 | 
 1,395,370 | 
 1,627,940 | 
 1,860,500 | 
 508 | 
 5,470,000 | 
 519,650 | 
 465,660 | 
 698,490 | 
 931,320 | 
 1,164,150 | 
 1,396,990 | 
 1,629,820 | 
 1,862,650 | 
 509 | 
 5,480,000 | 
 520,600 | 
 466,200 | 
 699,300 | 
 932,400 | 
 1,165,500 | 
 1,398,600 | 
 1,631,700 | 
 1,864,800 | 
 510 | 
 5,490,000 | 
 521,550 | 
 466,730 | 
 700,100 | 
 933,470 | 
 1,166,840 | 
 1,400,210 | 
 1,633,580 | 
 1,866,950 | 
 511 | 
 5,500,000 | 
 522,500 | 
 467,270 | 
 700,910 | 
 934,550 | 
 1,168,190 | 
 1,401,820 | 
 1,635,460 | 
 1,869,100 | 
 512 | 
 5,510,000 | 
 523,450 | 
 467,810 | 
 701,720 | 
 935,620 | 
 1,169,530 | 
 1,403,440 | 
 1,637,340 | 
 1,871,250 | 
 513 | 
 5,520,000 | 
 524,400 | 
 468,350 | 
 702,520 | 
 936,700 | 
 1,170,870 | 
 1,405,050 | 
 1,639,220 | 
 1,873,400 | 
 514 | 
 5,530,000 | 
 525,350 | 
 468,880 | 
 703,330 | 
 937,770 | 
 1,172,220 | 
 1,406,660 | 
 1,641,110 | 
 1,875,550 | 
 515 | 
 5,540,000 | 
 526,300 | 
 469,420 | 
 704,130 | 
 938,850 | 
 1,173,560 | 
 1,408,270 | 
 1,642,990 | 
 1,877,700 | 
 516 | 
 5,550,000 | 
 527,250 | 
 469,960 | 
 704,940 | 
 939,920 | 
 1,174,900 | 
 1,409,890 | 
 1,644,870 | 
 1,879,850 | 
 517 | 
 5,560,000 | 
 528,200 | 
 470,500 | 
 705,750 | 
 941,000 | 
 1,176,250 | 
 1,411,500 | 
 1,646,750 | 
 1,882,000 | 
 518 | 
 5,570,000 | 
 529,150 | 
 471,030 | 
 706,550 | 
 942,070 | 
 1,177,590 | 
 1,413,110 | 
 1,648,630 | 
 1,884,150 | 
 519 | 
 5,580,000 | 
 530,100 | 
 471,570 | 
 707,360 | 
 943,150 | 
 1,178,940 | 
 1,414,720 | 
 1,650,510 | 
 1,886,300 | 
 520 | 
 5,590,000 | 
 531,050 | 
 472,110 | 
 708,170 | 
 944,220 | 
 1,180,280 | 
 1,416,340 | 
 1,652,390 | 
 1,888,450 | 
 521 | 
 5,600,000 | 
 532,000 | 
 472,650 | 
 708,970 | 
 945,300 | 
 1,181,620 | 
 1,417,950 | 
 1,654,270 | 
 1,890,600 | 
 522 | 
 5,610,000 | 
 532,950 | 
 473,180 | 
 709,780 | 
 946,370 | 
 1,182,970 | 
 1,419,560 | 
 1,656,160 | 
 1,892,750 | 
 523 | 
 5,620,000 | 
 533,900 | 
 473,720 | 
 710,580 | 
 947,450 | 
 1,184,310 | 
 1,421,170 | 
 1,658,040 | 
 1,894,900 | 
 524 | 
 5,630,000 | 
 534,850 | 
 474,260 | 
 711,390 | 
 948,520 | 
 1,185,650 | 
 1,422,790 | 
 1,659,920 | 
 1,897,050 | 
 525 | 
 5,640,000 | 
 535,800 | 
 474,800 | 
 712,200 | 
 949,600 | 
 1,187,000 | 
 1,424,400 | 
 1,661,800 | 
 1,899,200 | 
 526 | 
 5,650,000 | 
 536,750 | 
 475,330 | 
 713,000 | 
 950,670 | 
 1,188,340 | 
 1,426,010 | 
 1,663,680 | 
 1,901,350 | 
 527 | 
 5,660,000 | 
 537,700 | 
 475,870 | 
 713,810 | 
 951,750 | 
 1,189,690 | 
 1,427,620 | 
 1,665,560 | 
 1,903,500 | 
 528 | 
 5,670,000 | 
 538,650 | 
 476,410 | 
 714,620 | 
 952,820 | 
 1,191,030 | 
 1,429,240 | 
 1,667,440 | 
 1,905,650 | 
 529 | 
 5,680,000 | 
 539,600 | 
 476,950 | 
 715,420 | 
 953,900 | 
 1,192,370 | 
 1,430,850 | 
 1,669,320 | 
 1,907,800 | 
 530 | 
 5,690,000 | 
 540,550 | 
 477,480 | 
 716,230 | 
 954,970 | 
 1,193,720 | 
 1,432,460 | 
 1,671,210 | 
 1,909,950 | 
 531 | 
 5,700,000 | 
 541,500 | 
 478,020 | 
 717,030 | 
 956,050 | 
 1,195,060 | 
 1,434,070 | 
 1,673,090 | 
 1,912,100 | 
 532 | 
 5,710,000 | 
 542,450 | 
 478,560 | 
 717,840 | 
 957,120 | 
 1,196,400 | 
 1,435,690 | 
 1,674,970 | 
 1,914,250 | 
 533 | 
 5,720,000 | 
 543,400 | 
 479,100 | 
 718,650 | 
 958,200 | 
 1,197,750 | 
 1,437,300 | 
 1,676,850 | 
 1,916,400 | 
 534 | 
 5,730,000 | 
 544,350 | 
 479,630 | 
 719,450 | 
 959,270 | 
 1,199,090 | 
 1,438,910 | 
 1,678,730 | 
 1,918,550 | 
 535 | 
 5,740,000 | 
 545,300 | 
 480,170 | 
 720,260 | 
 960,350 | 
 1,200,440 | 
 1,440,520 | 
 1,680,610 | 
 1,920,700 | 
 536 | 
 5,750,000 | 
 546,250 | 
 480,710 | 
 721,070 | 
 961,420 | 
 1,201,780 | 
 1,442,140 | 
 1,682,490 | 
 1,922,850 | 
 537 | 
 5,760,000 | 
 547,200 | 
 481,250 | 
 721,870 | 
 962,500 | 
 1,203,120 | 
 1,443,750 | 
 1,684,370 | 
 1,925,000 | 
 538 | 
 5,770,000 | 
 548,150 | 
 481,780 | 
 722,680 | 
 963,570 | 
 1,204,470 | 
 1,445,360 | 
 1,686,260 | 
 1,927,150 | 
 539 | 
 5,780,000 | 
 549,100 | 
 482,320 | 
 723,480 | 
 964,650 | 
 1,205,810 | 
 1,446,970 | 
 1,688,140 | 
 1,929,300 | 
 540 | 
 5,790,000 | 
 550,050 | 
 482,860 | 
 724,290 | 
 965,720 | 
 1,207,150 | 
 1,448,590 | 
 1,690,020 | 
 1,931,450 | 
 541 | 
 5,800,000 | 
 551,000 | 
 483,400 | 
 725,100 | 
 966,800 | 
 1,208,500 | 
 1,450,200 | 
 1,691,900 | 
 1,933,600 | 
 542 | 
 5,810,000 | 
 551,950 | 
 483,930 | 
 725,900 | 
 967,870 | 
 1,209,840 | 
 1,451,810 | 
 1,693,780 | 
 1,935,750 | 
 543 | 
 5,820,000 | 
 552,900 | 
 484,470 | 
 726,710 | 
 968,950 | 
 1,211,190 | 
 1,453,420 | 
 1,695,660 | 
 1,937,900 | 
 544 | 
 5,830,000 | 
 553,850 | 
 485,010 | 
 727,520 | 
 970,020 | 
 1,212,530 | 
 1,455,040 | 
 1,697,540 | 
 1,940,050 | 
 545 | 
 5,840,000 | 
 554,800 | 
 485,550 | 
 728,320 | 
 971,100 | 
 1,213,870 | 
 1,456,650 | 
 1,699,420 | 
 1,942,200 | 
 546 | 
 5,850,000 | 
 555,750 | 
 486,080 | 
 729,130 | 
 972,170 | 
 1,215,220 | 
 1,458,260 | 
 1,701,310 | 
 1,944,350 | 
 547 | 
 5,860,000 | 
 556,700 | 
 486,620 | 
 729,930 | 
 973,250 | 
 1,216,560 | 
 1,459,870 | 
 1,703,190 | 
 1,946,500 | 
 548 | 
 5,870,000 | 
 557,650 | 
 487,160 | 
 730,740 | 
 974,320 | 
 1,217,900 | 
 1,461,490 | 
 1,705,070 | 
 1,948,650 | 
 549 | 
 5,880,000 | 
 558,600 | 
 487,700 | 
 731,550 | 
 975,400 | 
 1,219,250 | 
 1,463,100 | 
 1,706,950 | 
 1,950,800 | 
 550 | 
 5,890,000 | 
 559,550 | 
 488,230 | 
 732,350 | 
 976,470 | 
 1,220,590 | 
 1,464,710 | 
 1,708,830 | 
 1,952,950 | 
 551 | 
 5,900,000 | 
 560,500 | 
 488,770 | 
 733,160 | 
 977,550 | 
 1,221,940 | 
 1,466,320 | 
 1,710,710 | 
 1,955,100 | 
 552 | 
 5,910,000 | 
 561,450 | 
 489,310 | 
 733,970 | 
 978,620 | 
 1,223,280 | 
 1,467,940 | 
 1,712,590 | 
 1,957,250 | 
 553 | 
 5,920,000 | 
 562,400 | 
 489,850 | 
 734,770 | 
 979,700 | 
 1,224,620 | 
 1,469,550 | 
 1,714,470 | 
 1,959,400 | 
 554 | 
 5,930,000 | 
 563,350 | 
 490,380 | 
 735,580 | 
 980,770 | 
 1,225,970 | 
 1,471,160 | 
 1,716,360 | 
 1,961,550 | 
 555 | 
 5,940,000 | 
 564,300 | 
 490,920 | 
 736,380 | 
 981,850 | 
 1,227,310 | 
 1,472,770 | 
 1,718,240 | 
 1,963,700 | 
 556 | 
 5,950,000 | 
 565,250 | 
 491,460 | 
 737,190 | 
 982,920 | 
 1,228,650 | 
 1,474,390 | 
 1,720,120 | 
 1,965,850 | 
 557 | 
 5,960,000 | 
 566,200 | 
 492,000 | 
 738,000 | 
 984,000 | 
 1,230,000 | 
 1,476,000 | 
 1,722,000 | 
 1,968,000 | 
 558 | 
 5,970,000 | 
 567,150 | 
 492,530 | 
 738,800 | 
 985,070 | 
 1,231,340 | 
 1,477,610 | 
 1,723,880 | 
 1,970,150 | 
 559 | 
 5,980,000 | 
 568,100 | 
 493,070 | 
 739,610 | 
 986,150 | 
 1,232,690 | 
 1,479,220 | 
 1,725,760 | 
 1,972,300 | 
 560 | 
 5,990,000 | 
 569,050 | 
 493,610 | 
 740,420 | 
 987,220 | 
 1,234,030 | 
 1,480,840 | 
 1,727,640 | 
 1,974,450 | 
 561 | 
 6,000,000 | 
 570,000 | 
 494,150 | 
 741,220 | 
 988,300 | 
 1,235,370 | 
 1,482,450 | 
 1,729,520 | 
 1,976,600 | 
 562 | 
 6,010,000 | 
 570,950 | 
 494,680 | 
 742,030 | 
 989,370 | 
 1,236,720 | 
 1,484,060 | 
 1,731,410 | 
 1,978,750 | 
 563 | 
 6,020,000 | 
 571,900 | 
 495,220 | 
 742,830 | 
 990,450 | 
 1,238,060 | 
 1,485,670 | 
 1,733,290 | 
 1,980,900 | 
 564 | 
 6,030,000 | 
 572,850 | 
 495,760 | 
 743,640 | 
 991,520 | 
 1,239,400 | 
 1,487,290 | 
 1,735,170 | 
 1,983,050 | 
 565 | 
 6,040,000 | 
 573,800 | 
 496,300 | 
 744,450 | 
 992,600 | 
 1,240,750 | 
 1,488,900 | 
 1,737,050 | 
 1,985,200 | 
 566 | 
 6,050,000 | 
 574,750 | 
 496,830 | 
 745,250 | 
 993,670 | 
 1,242,090 | 
 1,490,510 | 
 1,738,930 | 
 1,987,350 | 
 567 | 
 6,060,000 | 
 575,700 | 
 497,370 | 
 746,060 | 
 994,750 | 
 1,243,440 | 
 1,492,120 | 
 1,740,810 | 
 1,989,500 | 
 568 | 
 6,070,000 | 
 576,650 | 
 497,910 | 
 746,870 | 
 995,820 | 
 1,244,780 | 
 1,493,740 | 
 1,742,690 | 
 1,991,650 | 
 569 | 
 6,080,000 | 
 577,600 | 
 498,450 | 
 747,670 | 
 996,900 | 
 1,246,120 | 
 1,495,350 | 
 1,744,570 | 
 1,993,800 | 
 570 | 
 6,090,000 | 
 578,550 | 
 498,980 | 
 748,480 | 
 997,970 | 
 1,247,470 | 
 1,496,960 | 
 1,746,460 | 
 1,995,950 | 
 571 | 
 6,100,000 | 
 579,500 | 
 499,520 | 
 749,280 | 
 999,050 | 
 1,248,810 | 
 1,498,570 | 
 1,748,340 | 
 1,998,100 | 
 572 | 
 6,110,000 | 
 580,450 | 
 500,060 | 
 750,090 | 
 1,000,120 | 
 1,250,150 | 
 1,500,190 | 
 1,750,220 | 
 2,000,250 | 
 573 | 
 6,120,000 | 
 581,400 | 
 500,600 | 
 750,900 | 
 1,001,200 | 
 1,251,500 | 
 1,501,800 | 
 1,752,100 | 
 2,002,400 | 
 574 | 
 6,130,000 | 
 582,350 | 
 501,130 | 
 751,700 | 
 1,002,270 | 
 1,252,840 | 
 1,503,410 | 
 1,753,980 | 
 2,004,550 | 
 575 | 
 6,140,000 | 
 583,300 | 
 501,670 | 
 752,510 | 
 1,003,350 | 
 1,254,190 | 
 1,505,020 | 
 1,755,860 | 
 2,006,700 | 
 576 | 
 6,150,000 | 
 584,250 | 
 502,210 | 
 753,320 | 
 1,004,420 | 
 1,255,530 | 
 1,506,640 | 
 1,757,740 | 
 2,008,850 | 
 577 | 
 6,160,000 | 
 585,200 | 
 502,750 | 
 754,120 | 
 1,005,500 | 
 1,256,870 | 
 1,508,250 | 
 1,759,620 | 
 2,011,000 | 
 578 | 
 6,170,000 | 
 586,150 | 
 503,280 | 
 754,930 | 
 1,006,570 | 
 1,258,220 | 
 1,509,860 | 
 1,761,510 | 
 2,013,150 | 
 579 | 
 6,180,000 | 
 587,100 | 
 503,820 | 
 755,730 | 
 1,007,650 | 
 1,259,560 | 
 1,511,470 | 
 1,763,390 | 
 2,015,300 | 
 580 | 
 6,190,000 | 
 588,050 | 
 504,360 | 
 756,540 | 
 1,008,720 | 
 1,260,900 | 
 1,513,090 | 
 1,765,270 | 
 2,017,450 | 
 581 | 
 6,200,000 | 
 589,000 | 
 504,900 | 
 757,350 | 
 1,009,800 | 
 1,262,250 | 
 1,514,700 | 
 1,767,150 | 
 2,019,600 | 
 582 | 
 6,210,000 | 
 589,950 | 
 505,430 | 
 758,150 | 
 1,010,870 | 
 1,263,590 | 
 1,516,310 | 
 1,769,030 | 
 2,021,750 | 
 583 | 
 6,220,000 | 
 590,900 | 
 505,970 | 
 758,960 | 
 1,011,950 | 
 1,264,940 | 
 1,517,920 | 
 1,770,910 | 
 2,023,900 | 
 584 | 
 6,230,000 | 
 591,850 | 
 506,510 | 
 759,770 | 
 1,013,020 | 
 1,266,280 | 
 1,519,540 | 
 1,772,790 | 
 2,026,050 | 
 585 | 
 6,240,000 | 
 592,800 | 
 507,050 | 
 760,570 | 
 1,014,100 | 
 1,267,620 | 
 1,521,150 | 
 1,774,670 | 
 2,028,200 | 
 586 | 
 6,250,000 | 
 593,750 | 
 507,580 | 
 761,380 | 
 1,015,170 | 
 1,268,970 | 
 1,522,760 | 
 1,776,560 | 
 2,030,350 | 
 587 | 
 6,260,000 | 
 594,700 | 
 508,120 | 
 762,180 | 
 1,016,250 | 
 1,270,310 | 
 1,524,370 | 
 1,778,440 | 
 2,032,500 | 
 588 | 
 6,270,000 | 
 595,650 | 
 508,660 | 
 762,990 | 
 1,017,320 | 
 1,271,650 | 
 1,525,990 | 
 1,780,320 | 
 2,034,650 | 
 589 | 
 6,280,000 | 
 596,600 | 
 509,200 | 
 763,800 | 
 1,018,400 | 
 1,273,000 | 
 1,527,600 | 
 1,782,200 | 
 2,036,800 | 
 590 | 
 6,290,000 | 
 597,550 | 
 509,730 | 
 764,600 | 
 1,019,470 | 
 1,274,340 | 
 1,529,210 | 
 1,784,080 | 
 2,038,950 | 
 591 | 
 6,300,000 | 
 598,500 | 
 510,270 | 
 765,410 | 
 1,020,550 | 
 1,275,690 | 
 1,530,820 | 
 1,785,960 | 
 2,041,100 | 
 592 | 
 6,310,000 | 
 599,450 | 
 510,810 | 
 766,220 | 
 1,021,620 | 
 1,277,030 | 
 1,532,440 | 
 1,787,840 | 
 2,043,250 | 
 593 | 
 6,320,000 | 
 600,400 | 
 511,350 | 
 767,020 | 
 1,022,700 | 
 1,278,370 | 
 1,534,050 | 
 1,789,720 | 
 2,045,400 | 
 594 | 
 6,330,000 | 
 601,350 | 
 511,880 | 
 767,830 | 
 1,023,770 | 
 1,279,720 | 
 1,535,660 | 
 1,791,610 | 
 2,047,550 | 
 595 | 
 6,340,000 | 
 602,300 | 
 512,420 | 
 768,630 | 
 1,024,850 | 
 1,281,060 | 
 1,537,270 | 
 1,793,490 | 
 2,049,700 | 
 596 | 
 6,350,000 | 
 603,250 | 
 512,960 | 
 769,440 | 
 1,025,920 | 
 1,282,400 | 
 1,538,890 | 
 1,795,370 | 
 2,051,850 | 
 597 | 
 6,360,000 | 
 604,200 | 
 513,500 | 
 770,250 | 
 1,027,000 | 
 1,283,750 | 
 1,540,500 | 
 1,797,250 | 
 2,054,000 | 
 598 | 
 6,370,000 | 
 605,150 | 
 514,030 | 
 771,050 | 
 1,028,070 | 
 1,285,090 | 
 1,542,110 | 
 1,799,130 | 
 2,056,150 | 
 599 | 
 6,380,000 | 
 606,100 | 
 514,570 | 
 771,860 | 
 1,029,150 | 
 1,286,440 | 
 1,543,720 | 
 1,801,010 | 
 2,058,300 | 
 600 | 
 6,390,000 | 
 607,050 | 
 515,110 | 
 772,670 | 
 1,030,220 | 
 1,287,780 | 
 1,545,340 | 
 1,802,890 | 
 2,060,450 | 
 601 | 
 6,400,000 | 
 608,000 | 
 515,650 | 
 773,470 | 
 1,031,300 | 
 1,289,120 | 
 1,546,950 | 
 1,804,770 | 
 2,062,600 | 
 602 | 
 6,410,000 | 
 608,950 | 
 516,180 | 
 774,280 | 
 1,032,370 | 
 1,290,470 | 
 1,548,560 | 
 1,806,660 | 
 2,064,750 | 
 603 | 
 6,420,000 | 
 609,900 | 
 516,720 | 
 775,080 | 
 1,033,450 | 
 1,291,810 | 
 1,550,170 | 
 1,808,540 | 
 2,066,900 | 
 604 | 
 6,430,000 | 
 610,850 | 
 517,260 | 
 775,890 | 
 1,034,520 | 
 1,293,150 | 
 1,551,790 | 
 1,810,420 | 
 2,069,050 | 
 605 | 
 6,440,000 | 
 611,800 | 
 517,800 | 
 776,700 | 
 1,035,600 | 
 1,294,500 | 
 1,553,400 | 
 1,812,300 | 
 2,071,200 | 
 606 | 
 6,450,000 | 
 612,750 | 
 518,330 | 
 777,500 | 
 1,036,670 | 
 1,295,840 | 
 1,555,010 | 
 1,814,180 | 
 2,073,350 | 
 607 | 
 6,460,000 | 
 613,700 | 
 518,870 | 
 778,310 | 
 1,037,750 | 
 1,297,190 | 
 1,556,620 | 
 1,816,060 | 
 2,075,500 | 
 608 | 
 6,470,000 | 
 614,650 | 
 519,410 | 
 779,120 | 
 1,038,820 | 
 1,298,530 | 
 1,558,240 | 
 1,817,940 | 
 2,077,650 | 
 609 | 
 6,480,000 | 
 615,600 | 
 519,950 | 
 779,920 | 
 1,039,900 | 
 1,299,870 | 
 1,559,850 | 
 1,819,820 | 
 2,079,800 | 
 610 | 
 6,490,000 | 
 616,550 | 
 520,480 | 
 780,730 | 
 1,040,970 | 
 1,301,220 | 
 1,561,460 | 
 1,821,710 | 
 2,081,950 | 
 611 | 
 6,500,000 | 
 617,500 | 
 521,020 | 
 781,530 | 
 1,042,050 | 
 1,302,560 | 
 1,563,070 | 
 1,823,590 | 
 2,084,100 | 
 612 | 
 6,510,000 | 
 618,450 | 
 521,560 | 
 782,340 | 
 1,043,120 | 
 1,303,900 | 
 1,564,690 | 
 1,825,470 | 
 2,086,250 | 
 613 | 
 6,520,000 | 
 619,400 | 
 522,100 | 
 783,150 | 
 1,044,200 | 
 1,305,250 | 
 1,566,300 | 
 1,827,350 | 
 2,088,400 | 
 614 | 
 6,530,000 | 
 620,350 | 
 522,630 | 
 783,950 | 
 1,045,270 | 
 1,306,590 | 
 1,567,910 | 
 1,829,230 | 
 2,090,550 | 
 615 | 
 6,540,000 | 
 621,300 | 
 523,170 | 
 784,760 | 
 1,046,350 | 
 1,307,940 | 
 1,569,520 | 
 1,831,110 | 
 2,092,700 | 
 616 | 
 6,550,000 | 
 622,250 | 
 523,710 | 
 785,570 | 
 1,047,420 | 
 1,309,280 | 
 1,571,140 | 
 1,832,990 | 
 2,094,850 | 
 617 | 
 6,560,000 | 
 623,200 | 
 524,250 | 
 786,370 | 
 1,048,500 | 
 1,310,620 | 
 1,572,750 | 
 1,834,870 | 
 2,097,000 | 
 618 | 
 6,570,000 | 
 624,150 | 
 524,780 | 
 787,180 | 
 1,049,570 | 
 1,311,970 | 
 1,574,360 | 
 1,836,760 | 
 2,099,150 | 
 619 | 
 6,580,000 | 
 625,100 | 
 525,320 | 
 787,980 | 
 1,050,650 | 
 1,313,310 | 
 1,575,970 | 
 1,838,640 | 
 2,101,300 | 
 620 | 
 6,590,000 | 
 626,050 | 
 525,860 | 
 788,790 | 
 1,051,720 | 
 1,314,650 | 
 1,577,590 | 
 1,840,520 | 
 2,103,450 | 
 1. 연금액산정 : ()1.29*(A+B)*P21/P)x(1+0.05n/12) x 지급률
 A : 연금 수급 전 3년간의 평균소득월액의 평균액
 B : 가입자 개인의 가입기간 중 기준소득월액의 평균액
 P : 전체 가입월수
 P21 : 2026년 이후 가입월수
 n : 20년 초과 가입월수
 노령연금의 지급률 : 가입기간 10년 50%(1개월마다 5/12% 증가)
 2. 연금급여 수급권자에 의하여 생계를 유지하는 부양가족이 있는 경우 가족수당적 성격의 부양가족연금액이 가산됩니다.
 배우자 : 연 306,630원 (월 25,550원)
 자녀/부모 : 연 204,360원 (월 17,030원)
 3. 2026년 1월 최초 가입으로 가정하여 2026년 적용 A값(3,193,511원)으로 산정하였으므로 실제와 상이할 수 있습니다.
 4. 향후 실제 연금수급월액은 지급사유발생일 당시의 A값 및 재평가율을 적용하여 산정하므로 변동될 수 있습니다.
 5. 연금의 월지급액(부양가족연금액 포함)은 가입자였던 최종 5년 동안의 기준소득월액의 평균액과 가입기간 동안의 기준소득월액의 평균액을 재평가한 금액 중 많은 금액을 초과할 수 없습니다.
 6. 2026년 7월부터 2027년 6월까지의 기준소득월액 하한액은 410,000원, 상한액은 6,590,000원입니다.
 모달닫기 -->
